%%MatrixMarket matrix coordinate real general
26 26 676                                         
1 1 -0.11040205647445962
1 2 0.02260134076936161
1 3 -0.05061164909395041
1 4 0.1054362497832487
1 5 -0.11920443594448518
1 6 0.21151160347569736
1 7 0.19384878265571415
1 8 -0.47585580399494576
1 9 -0.41539178885130107
1 10 0.12140237886476728
1 11 0.08666398617526785
1 12 0.05556304419078306
1 13 0.07116993300161131
1 14 0.025170378985562725
1 15 0.02931071208923478
1 16 -0.6576907488980454
1 17 0.03886853106580008
1 18 0.06865850425411728
1 19 0.06880376878371113
1 20 0.04465256467569817
1 21 -0.006745145472695948
1 22 -0.02065216656077743
1 23 -0.01343411535827969
1 24 0.006664193310114954
1 25 -0.0022512404597985736
1 26 0.0017387426315533974
2 1 -0.4025232398556752
2 2 0.4790925467545807
2 3 0.27089844582465866
2 4 0.01130122046868137
2 5 -0.09473211480109546
2 6 -0.20903883009307575
2 7 0.04761797406986073
2 8 0.09081183558566484
2 9 -0.059764799732815954
2 10 0.025791227370093876
2 11 0.08598962623235802
2 12 -0.05466686650938674
2 13 0.05187011345270549
2 14 0.08502224308843197
2 15 -0.26387941689908895
2 16 0.04639478676659942
2 17 0.3082778693998679
2 18 0.07950438120336167
2 19 0.1963825813441381
2 20 -0.023259603920935547
2 21 0.02640858079795118
2 22 -0.13937275709386612
2 23 0.06771143208586397
2 24 0.4582932232370805
2 25 0.013885351925179337
2 26 -0.005137062013832577
3 1 -0.27087598858554396
3 2 0.3130217732630328
3 3 0.15864742819579056
3 4 -0.02721489751971054
3 5 -0.14287552852613628
3 6 -0.11962988038272038
3 7 -0.006974312416493767
3 8 0.08033882870323483
3 9 0.027744319961365685
3 10 0.1878620258643632
3 11 0.023050124588635996
3 12 0.10397188312092229
3 13 -0.011063575948243545
3 14 0.3785651935612332
3 15 0.6059277047252524
3 16 0.04990408392313124
3 17 0.05085350149480862
3 18 -0.07969126582749042
3 19 0.0737584121543816
3 20 0.4007035033875558
3 21 -0.019992986733359273
3 22 0.1479875024621957
3 23 -0.05179957202340337
3 24 -0.033220396241981774
3 25 -0.0006862766787835009
3 26 0.0015493083617124114
4 1 -0.18416797525210632
4 2 0.16989065866442116
4 3 -0.6108629507461883
4 4 0.22760617503557082
4 5 -0.05669134953665658
4 6 -0.07577903827156951
4 7 0.19551448189375437
4 8 0.24246471640186465
4 9 -0.16732193844238075
4 10 -0.148784464685988
4 11 -0.050235221499204945
4 12 -0.09132962655037039
4 13 0.050046923535875525
4 14 -0.047722909931550095
4 15 0.10859584350477358
4 16 0.029658312973866247
4 17 -0.016433176020603034
4 18 -0.08405068021779309
4 19 -0.022245464334775488
4 20 -0.005046737985487838
4 21 0.07178799663255511
4 22 -0.27539443849613626
4 23 -0.4881461621331281
4 24 0.02299893052794786
4 25 -0.012979870015364523
4 26 -0.001483157348928059
5 1 -0.021913070953561573
5 2 0.007233156690362086
5 3 0.017082351246640155
5 4 0.028962729102147203
5 5 -0.033564762433416176
5 6 0.06188828651411347
5 7 0.11556007917335197
5 8 -0.21020395576558704
5 9 -0.10939277654403107
5 10 0.13081898426459992
5 11 -0.5105350163976484
5 12 -0.48850920341672954
5 13 -0.6092854184917856
5 14 0.14890399197438364
5 15 -0.02903877083073326
5 16 0.09592403278081255
5 17 0.04773741379139314
5 18 0.005684494495094508
5 19 0.03898549997511175
5 20 -0.011548847640353478
5 21 0.0039688890935659586
5 22 0.003012275655775323
5 23 -0.002627522998942372
5 24 -0.0052316144585244145
5 25 0.00038383403880360963
5 26 -0.001782344969553137
6 1 -0.23392787426371237
6 2 0.19592047435208199
6 3 0.08211855377566117
6 4 -0.019637246519778558
6 5 -0.03743283994196579
6 6 0.6487903104831587
6 7 0.15619053468585953
6 8 0.18109204912019655
6 9 0.11392312874484604
6 10 -0.11314108592992766
6 11 0.13062683527064517
6 12 -0.09737497562554807
6 13 -0.05550653866155518
6 14 0.015821476448591592
6 15 -0.18008232660085519
6 16 0.03469849645313711
6 17 -0.047463821964212304
6 18 0.11258832142830401
6 19 -0.25126449636688153
6 20 0.40713581157398276
6 21 0.10664162819927951
6 22 -0.23160593781833877
6 23 0.13294419292744808
6 24 -0.06665156912018304
6 25 0.000649812290681654
6 26 0.0011203983361671916
7 1 -0.14806376026066953
7 2 0.09210909119361348
7 3 0.04113492812117283
7 4 -0.08700525777877087
7 5 -0.13314057468678253
7 6 0.6566543435685009
7 7 0.21374111883791047
7 8 0.20127381777705805
7 9 0.23228513508173487
7 10 -0.02164979207219987
7 11 0.00666895657224463
7 12 0.1175846830535136
7 13 -0.041691167659370164
7 14 0.15138422253629463
7 15 0.13741454964925248
7 16 -0.019792545809753214
7 17 0.069455128185022
7 18 -0.10820981073434324
7 19 0.2389535019667173
7 20 -0.45346016527311744
7 21 -0.0763580347316834
7 22 0.14054111874500005
7 23 -0.08377638919429631
7 24 0.028845455654521866
7 25 -0.017013462881680923
7 26 -0.0026614643728218234
8 1 -0.05007039446941125
8 2 0.018521055218286533
8 3 0.02413500416939969
8 4 0.015173313885113232
8 5 0.003917459271588999
8 6 0.1354290483347389
8 7 0.1563726652298563
8 8 -0.11334847430168242
8 9 0.10831176131176153
8 10 0.23289803049409824
8 11 -0.6862373454918133
8 12 0.07978743305506555
8 13 0.5821271479473696
8 14 -0.14853931110508498
8 15 -0.02197328220022939
8 16 0.11397625766194559
8 17 0.088418443223092
8 18 0.06872217587166818
8 19 0.03627010436378028
8 20 0.09160397496548649
8 21 0.009064039886735736
8 22 -0.021135191126084477
8 23 0.006076947240334285
8 24 -0.014017551689754819
8 25 -0.00040239768059362695
8 26 0.0008481596064747073
9 1 -0.12371584620913188
9 2 0.09999887780086496
9 3 -0.16114445110142459
9 4 0.047143248321930314
9 5 0.027346659644134852
9 6 -0.011060304723497087
9 7 0.10253345077115726
9 8 -0.023478050809390714
9 9 -0.363554019935356
9 10 -0.07763641687180634
9 11 -0.19864476764781513
9 12 0.6733794533324491
9 13 -0.18637576660418248
9 14 0.31833413877204425
9 15 -0.29883642221673323
9 16 0.1940190852266661
9 17 -0.0349742284354119
9 18 -0.11924106920121881
9 19 -0.11995517117464394
9 20 -0.00952445579064183
9 21 0.030609691801907563
9 22 0.05749390561990472
9 23 0.06522926159887471
9 24 -0.044736016168619344
9 25 0.005485940708834948
9 26 0.001417596390007287
10 1 -0.31912904832723976
10 2 0.37225056289450387
10 3 0.1705981069358031
10 4 0.007032851017390686
10 5 0.15916893151973913
10 6 0.18306615154081549
10 7 -0.37483178362879216
10 8 0.11631244232432918
10 9 -0.25678998536423886
10 10 -0.14932801497419465
10 11 -0.07509177044203234
10 12 -0.08543780177989378
10 13 -0.006764342510170681
10 14 -0.30794706427698904
10 15 -0.17739748468810276
10 16 -0.025169092614864975
10 17 -0.022215418258807598
10 18 0.02704805391787653
10 19 -0.0019693362047501625
10 20 0.12873677980284953
10 21 -0.07105708850698979
10 22 0.4510852251866364
10 23 -0.2506876743654336
10 24 -0.014670982236538137
10 25 0.0027206899040308316
10 26 0.0016229366068975504
11 1 -0.2264902925838322
11 2 0.28813690086337695
11 3 0.08473536178987881
11 4 0.048330999368299675
11 5 0.08612691957991153
11 6 0.13212645374866722
11 7 -0.5218655982982187
11 8 0.1026649106519593
11 9 -0.2945501764513065
11 10 0.0014811923995200118
11 11 -0.17921353814086602
11 12 0.0698617032942268
11 13 -0.041901922336221475
11 14 -0.18664883909441052
11 15 0.3926242380379089
11 16 -0.021493643749582722
11 17 -0.07509902615617307
11 18 -0.03540508595919714
11 19 -0.12519424650351155
11 20 -0.25218562838172115
11 21 0.006472956835724673
11 22 -0.3037218492779159
11 23 0.2338378707685666
11 24 0.01719925602098258
11 25 -0.0022773851582135306
11 26 0.0004567748080174883
12 1 -0.23656518224968037
12 2 0.1645478537444687
12 3 -0.34280286187127457
12 4 0.043477974813500894
12 5 -0.01719128150806082
12 6 0.02175043573627183
12 7 -0.3370840370211833
12 8 -0.2811415501635133
12 9 0.3252997024070434
12 10 0.13635778689268138
12 11 0.03363984658427505
12 12 0.0825925744780867
12 13 -0.026407991979598158
12 14 0.24994325842991563
12 15 -0.010803115455763884
12 16 0.020358710097687065
12 17 0.0012486160868526793
12 18 0.554731355427229
12 19 -0.23957977162819974
12 20 -0.1460023570827213
12 21 -0.0019218244095893487
12 22 0.04439994231407201
12 23 -0.1348808076891913
12 24 0.036198787032828014
12 25 0.011330655261662223
12 26 0.002240470439758013
13 1 -0.12559717959105113
13 2 0.14608198595015423
13 3 -0.08256522330309844
13 4 0.07604870960334509
13 5 -0.0778075746438491
13 6 -0.014395290867767892
13 7 0.0428597371140197
13 8 0.02680580981435233
13 9 0.20040812190697038
13 10 0.7050180458421592
13 11 0.14002303675224514
13 12 0.20644764126720674
13 13 -0.26473730590981426
13 14 -0.4166989583378527
13 15 -0.09297846855713536
13 16 -0.018391062283319954
13 17 0.105926001039391
13 18 -0.22754104133205386
13 19 -0.14800382125459804
13 20 0.00966426073834793
13 21 0.00034014188683086815
13 22 -0.01036300339871872
13 23 -0.0635698563914825
13 24 -0.013159055614666472
13 25 0.0018272175415153507
13 26 -0.0011369144564996193
14 1 -0.09402408354473535
14 2 0.021978777649271725
14 3 -0.017668032448300654
14 4 0.03038128956859671
14 5 -0.12528871867736363
14 6 0.17448481302681948
14 7 0.13947000692322442
14 8 -0.522968044742102
14 9 -0.3129594608248133
14 10 0.014336686853150803
14 11 0.34498843037864263
14 12 -0.12243254631050841
14 13 0.13919660682973578
14 14 -0.14584244957284093
14 15 0.1362360699851902
14 16 0.5808839304042445
14 17 0.11151982366760425
14 18 -0.007625578493470105
14 19 -0.01385156015260941
14 20 -0.0760070839788924
14 21 0.000777587850605925
14 22 0.03387150557476901
14 23 0.002716681923307155
14 24 -0.0437561157651543
14 25 -0.0003526002143821375
14 26 -0.005456125518061309
15 1 -0.29389743015186076
15 2 0.3213547021009596
15 3 0.21903722259477065
15 4 0.004817523620432682
15 5 -0.09635430047959882
15 6 -0.16200218700155664
15 7 0.3295459951692672
15 8 -0.2543872021651448
15 9 0.21239539611173627
15 10 -0.17627653871271778
15 11 -0.0665168892584565
15 12 -0.050609613563662434
15 13 0.04375271033233275
15 14 -0.05458998421683163
15 15 0.05915074876233732
15 16 -0.04924401954563694
15 17 -0.4912833663334133
15 18 -0.20273060712148713
15 19 -0.3375621024529417
15 20 -0.10764761557017478
15 21 -0.09743807864322919
15 22 0.07491785691231533
15 23 0.0005862166588940704
15 24 0.19080436338924567
15 25 0.0021767430381655684
15 26 -0.0031607020340520013
16 1 -0.3459118166738189
16 2 -0.06380803845705463
16 3 -0.009546942439421825
16 4 -0.1917781026994989
16 5 0.6614605851023597
16 6 -0.015026415723417617
16 7 0.14802475691919917
16 8 0.01817418932479826
16 9 -0.056187607160764146
16 10 0.13337176345564147
16 11 0.08056502284042574
16 12 -0.06845250831275267
16 13 0.046352002519015535
16 14 0.1297078804836466
16 15 -0.03801785434168541
16 16 0.014964964080415382
16 17 0.038534350804065455
16 18 -0.0031891343512615365
16 19 -0.018206520595396885
16 20 0.0038378258145317853
16 21 -0.5463840637524614
16 22 -0.14119929688163024
16 23 -0.0277997810658624
16 24 -0.07279793430158607
16 25 0.015940357844801755
16 26 0.0014216574841656292
17 1 -0.271124916331838
17 2 -0.025464339455480395
17 3 -0.03799875617281749
17 4 -0.17071704059491713
17 5 0.724168389226736
17 6 0.0037262034887650063
17 7 0.14303158650668885
17 8 -0.05956300698187122
17 9 0.01974424367887134
17 10 0.09149862764366254
17 11 0.05725313036835896
17 12 -0.06453096518295232
17 13 0.0391947034035676
17 14 0.07146888310992681
17 15 0.0896325670315913
17 16 -0.03637259879253143
17 17 0.003271089716223459
17 18 -0.07768949916519162
17 19 -0.02061436483979922
17 20 -0.08595945024678778
17 21 0.5379348561713639
17 22 0.09614972309653633
17 23 0.009743992297895764
17 24 0.04086555218584197
17 25 0.01881266326852847
17 26 0.003499425200804092
18 1 -0.20696041423262448
18 2 0.18283316306224207
18 3 -0.5051693244675357
18 4 0.1829472096951952
18 5 0.005823566692928631
18 6 -0.07589637342584438
18 7 0.2561353805043478
18 8 0.23990247827264755
18 9 -0.10274572051084824
18 10 0.14315846633299922
18 11 0.05105794422832323
18 12 -0.046182194342471006
18 13 -0.03348508771747733
18 14 -0.16682799508674281
18 15 0.029942039058619457
18 16 0.06353312784704122
18 17 -0.36313293946963976
18 18 0.2890524339916129
18 19 0.3169714797527864
18 20 0.022660198311490895
18 21 -0.02791534341118886
18 22 0.14988160424903438
18 23 0.3110754076976933
18 24 -0.004421433934498131
18 25 -0.003458813147695617
18 26 7.836947678175807e-05
19 1 -0.5010552373210996
19 2 -0.527016452247978
19 3 0.20739843536811556
19 4 0.5716128841149691
19 5 -0.0021106994191546383
19 6 -0.00583048331114285
19 7 -0.02842371418193265
19 8 0.03701397713593056
19 9 0.037603844450762425
19 10 -0.009653118574885915
19 11 0.008871840703479975
19 12 0.006525704038735961
19 13 -0.0050557702802294345
19 14 0.020055347909971773
19 15 0.00041037083996268867
19 16 0.02543010246984853
19 17 0.0009881859804544988
19 18 -0.0009955421338087122
19 19 -0.0005267738542231296
19 20 -0.008944834304906127
19 21 0.007897117987082742
19 22 0.013127187184101326
19 23 -0.0008906397787606039
19 24 0.012210288174542097
19 25 -0.06896119832749885
19 26 0.30215869983384885
20 1 -0.48595244473220117
20 2 -0.5298776793207873
20 3 0.20862056911190915
20 4 0.5807144852504741
20 5 2.9252574489491796e-06
20 6 0.0024908493791187267
20 7 -0.03418238706279475
20 8 0.0453910313526602
20 9 0.03971996840216199
20 10 -0.012743972461464075
20 11 0.001996287089490997
20 12 0.017481011328616625
20 13 -0.005098624986012342
20 14 0.020261186207462922
20 15 0.008100724716937078
20 16 0.011722657713730607
20 17 -0.00845538214925173
20 18 0.004388789282843695
20 19 0.006585655043882821
20 20 -0.0043534507678582
20 21 0.01227317138040459
20 22 0.012074139646537025
20 23 -0.007317672305681622
20 24 -0.005933354967863968
20 25 0.08650246181987802
20 26 -0.2972926049172643
21 1 -0.3725505797514802
21 2 0.4898443590959182
21 3 0.31508807554722584
21 4 0.0293346600933099
21 5 -0.16284138337935322
21 6 -0.28877274083510424
21 7 0.08027359640715762
21 8 0.03315930072249846
21 9 0.04330800283347162
21 10 0.006811089320548828
21 11 0.046742240909571825
21 12 -0.12312721770440664
21 13 0.09866156070665853
21 14 0.09179347609612189
21 15 -0.195084495911791
21 16 -0.055918738305026396
21 17 0.02969348915563935
21 18 0.02408876878312706
21 19 0.07054289833160093
21 20 -0.20498921260273106
21 21 0.10206477355583518
21 22 -0.08448882430949833
21 23 0.0031869116694388244
21 24 -0.5088556963088543
21 25 -0.009762009685995677
21 26 0.0010067402005006522
22 1 -0.138837828388646
22 2 0.13230037903153705
22 3 0.047926848726492895
22 4 0.011425123891845083
22 5 0.17816763385136994
22 6 -0.09987451395985238
22 7 0.19992532095000667
22 8 -0.2630508460585895
22 9 0.2928288436546233
22 10 -0.44107349446705285
22 11 -0.09148404361436507
22 12 0.3270302787909187
22 13 -0.3016923774333834
22 14 -0.3946597872511566
22 15 0.1955756508632909
22 16 -0.025411645937167392
22 17 0.22320929034711395
22 18 0.15822354054980425
22 19 0.18199825021422622
22 20 0.10093056110495838
22 21 -0.02274331045138221
22 22 -0.07472832214210412
22 23 0.0009925410011238265
22 24 -0.0657899123849832
22 25 -0.005135532847630531
22 26 0.0010286024195519888
23 1 -0.21042511860640728
23 2 0.11247090280758318
23 3 -0.5940470270665379
23 4 0.15263397978601626
23 5 -0.06361965202287617
23 6 -0.05739896583966715
23 7 -0.017095306356451276
23 8 0.017921778679421588
23 9 0.11887990279386074
23 10 -0.21047605867305055
23 11 -0.027483497862931243
23 12 -0.19417901096010523
23 13 0.1027730477685291
23 14 0.03215124158721319
23 15 0.016500008993992673
23 16 -0.11719792679928986
23 17 0.4130857446168271
23 18 -0.26367309426510094
23 19 -0.2450054765339993
23 20 -0.021223993529966862
23 21 -0.07442327394764867
23 22 0.20409068357192264
23 23 0.2928518789065382
23 24 -0.03681295965459383
23 25 0.03819703944773066
23 26 0.004499625599749969
24 1 -0.600086846911556
24 2 -0.4056033963738063
24 3 -0.13090693553852897
24 4 -0.5332659451048153
24 5 -0.20353313395709854
24 6 -0.08057110009882743
24 7 -0.061225979512294165
24 8 0.007315691833993941
24 9 -0.029714401166365388
24 10 -0.02274447609440789
24 11 -0.03078600413600595
24 12 -0.0023378142294647316
24 13 -0.011640421333004239
24 14 -0.058580940144728
24 15 -0.02649360520272086
24 16 -0.015995515297340425
24 17 0.004893258955050025
24 18 -0.007289298709407092
24 19 -0.01043177227755809
24 20 0.026043238102025947
24 21 0.02759287785824321
24 22 0.002881621666388158
24 23 0.02291659202627669
24 24 0.010632626212110908
24 25 -0.3277867392603915
24 26 -0.0745533667303097
25 1 -0.5375730376490935
25 2 -0.3972368178056796
25 3 -0.09095792789881654
25 4 -0.5762188154538137
25 5 -0.28619219283430597
25 6 -0.04676444924856459
25 7 -0.04216366839188461
25 8 0.025190394516520775
25 9 -0.042142409488227874
25 10 -0.026185837964568227
25 11 -0.0374923065877862
25 12 0.017886191816936237
25 13 -0.02575689289653695
25 14 -0.08825693077257352
25 15 -0.003115196363691797
25 16 -0.009320029051269912
25 17 -0.05169472684360974
25 18 0.003766705706975493
25 19 0.047105087571688686
25 20 0.010073628970045682
25 21 0.03204415843794776
25 22 -0.029583496441366645
25 23 -0.025357960767130157
25 24 -0.014867366593968067
25 25 0.3180903663559339
25 26 0.06870559013963373
26 1 -0.15813819419962305
26 2 0.14495361757286754
26 3 -0.28131141433008794
26 4 0.08535773306131249
26 5 0.06136357559063252
26 6 0.12350422256792465
26 7 -0.44585818154249013
26 8 -0.3834205246017095
26 9 0.2753867104449439
26 10 -0.027660339643120844
26 11 0.02436864584330183
26 12 -0.014286617380340686
26 13 0.03970292040925482
26 14 0.11539644262193831
26 15 -0.19475565476673282
26 16 0.031207985646087958
26 17 -0.2189599191310156
26 18 -0.3605053876858531
26 19 0.39265644748165807
26 20 0.14780736668021333
26 21 0.0034522300382515045
26 22 -0.1322717183201602
26 23 0.007463349611319734
26 24 -0.006402787181650889
26 25 -0.0018882000270690248
26 26 0.00044537664743879484
