%%MatrixMarket matrix coordinate real general
41 1533 3000                                      
1 1 0.14394831449024276
1 2 0.14394831449024276
1 3 0.20272613308520038
1 4 0.11708001449685722
1 5 0.11708001449685722
1 6 0.036475114516700595
1 7 0.04165116026310602
1 8 0.11708001449685722
1 9 0.14394831449024276
1 10 0.09021171450347168
1 11 0.11708001449685722
1 12 0.18042342900694336
1 13 0.06334341451008614
1 14 0.14394831449024276
1 15 0.1489895330984293
1 16 0.2878966289804855
1 17 0.10136306654260019
1 18 0.14394831449024276
1 19 0.10136306654260019
1 20 0.10136306654260019
1 21 0.11708001449685722
1 22 0.14394831449024276
1 23 0.16408126164106018
1 24 0.10136306654260019
1 25 0.047626466555829104
1 26 0.06851946025649157
1 27 0.14394831449024276
1 28 0.11708001449685722
1 29 0.14394831449024276
1 30 0.10136306654260019
1 31 0.11708001449685722
1 32 0.10136306654260019
1 33 0.11708001449685722
1 34 0.1900302435302584
1 35 0.11708001449685722
1 36 0.11708001449685722
1 37 0.06334341451008614
1 38 0.05469375388035339
1 39 0.270635143510415
1 40 0.3040891996278005
1 41 0.14394831449024276
1 42 0.14394831449024276
1 43 0.06851946025649157
1 44 0.14394831449024276
1 45 0.14394831449024276
1 46 0.06851946025649157
1 47 0.08156205387373895
1 48 0.10136306654260019
1 49 0.14394831449024276
1 50 0.07449476654921465
1 51 0.23416002899371444
1 52 0.05469375388035339
1 53 0.07449476654921465
2 36 0.05526831355340167
2 38 0.025818510117737406
2 46 0.03234501661312378
2 53 0.0351656953018226
2 54 0.06795165353301154
2 55 0.04784903528143246
2 56 0.08516994714758361
2 57 0.10549708590546779
2 58 0.05526831355340167
2 59 0.027746417029853386
2 60 0.04784903528143246
2 61 0.11053662710680334
2 62 0.05526831355340167
2 63 0.21292486786895903
2 64 0.07700370019469456
2 65 0.165804940660205
2 66 0.06795165353301154
2 67 0.042584973573791804
2 68 0.05526831355340167
2 69 0.14354710584429736
2 70 0.03850185009734728
2 71 0.09199615922884101
2 72 0.06795165353301154
2 73 0.21099417181093558
2 74 0.06795165353301154
2 75 0.04784903528143246
2 76 0.0703313906036452
2 77 0.1406627812072904
2 78 0.05526831355340167
2 79 0.06795165353301154
2 80 0.10549708590546779
2 81 0.04784903528143246
2 82 0.04784903528143246
2 83 0.04784903528143246
2 84 0.25818510117737403
2 85 0.05526831355340167
2 86 0.024074506177622624
2 87 0.09703504983937133
2 88 0.027746417029853386
2 89 0.11053662710680334
2 90 0.11797005980108347
2 91 0.19139614112572984
2 92 0.06795165353301154
2 93 0.05526831355340167
2 94 0.13590330706602308
2 95 0.03234501661312378
2 96 0.04784903528143246
2 97 0.12909255058868702
2 98 0.11797005980108347
2 99 0.05526831355340167
2 100 0.16172508306561892
2 101 0.08323925108956015
2 102 0.04784903528143246
2 103 0.05526831355340167
2 104 0.06795165353301154
2 105 0.1293800664524951
2 106 0.35165695301822597
2 107 0.23924517640716228
2 108 0.042584973573791804
2 109 0.06795165353301154
2 110 0.22107325421360668
2 111 0.0703313906036452
2 112 0.022482355322212724
2 113 0.06795165353301154
2 114 0.03234501661312378
2 115 0.06795165353301154
2 116 0.05526831355340167
2 117 0.11053662710680334
2 118 0.03234501661312378
2 119 0.06795165353301154
2 120 0.05526831355340167
2 121 0.06795165353301154
2 122 0.05526831355340167
2 123 0.1277549207213754
2 124 0.1794098015650916
2 125 0.05526831355340167
2 126 0.0351656953018226
2 127 0.042221234013803316
2 128 0.04784903528143246
2 129 0.021017718513776346
2 130 0.06795165353301154
2 131 0.04784903528143246
2 132 0.14950816797090966
2 133 0.05526831355340167
2 134 0.17033989429516722
2 135 0.07700370019469456
2 136 0.05526831355340167
2 137 0.07700370019469456
2 138 0.06795165353301154
2 139 0.029901633594181933
2 140 0.15400740038938912
2 141 0.04784903528143246
2 142 0.08516994714758361
3 6 0.07095633521048123
3 12 0.08774602546195909
3 52 0.05319885058177143
3 58 0.22775990878063665
3 67 0.08774602546195909
3 68 0.11387995439031832
3 69 0.295777757912149
3 73 0.28983462816942845
3 77 0.14491731408471423
3 84 0.10639770116354286
3 87 0.1332933386178893
3 88 0.05717128862275511
3 90 0.04051274038058541
3 98 0.12153822114175622
3 105 0.1332933386178893
3 106 0.07245865704235711
3 123 0.17549205092391817
3 124 0.06161209653359985
3 143 0.11387995439031832
3 144 0.14001388331867756
3 145 0.05319885058177143
3 146 0.19718517194143267
3 147 0.14001388331867756
3 148 0.05319885058177143
3 149 0.14001388331867756
3 150 0.09859258597071634
3 151 0.295777757912149
3 152 0.1332933386178893
3 153 0.17549205092391817
3 154 0.11387995439031832
3 155 0.17549205092391817
3 156 0.14001388331867756
3 157 0.08774602546195909
3 158 0.42004164995603266
3 159 0.10639770116354286
3 160 0.14001388331867756
3 161 0.08774602546195909
3 162 0.07933277951013068
3 163 0.11387995439031832
3 164 0.11387995439031832
3 165 0.11387995439031832
3 166 0.14001388331867756
4 7 0.07966114870328926
4 25 0.21254192419330586
4 38 0.0348687146086802
4 43 0.08736593615610766
4 52 0.0348687146086802
4 70 0.05199796645230428
4 71 0.07454623384425417
4 95 0.2620978084683229
4 129 0.08515528106468433
4 137 0.10399593290460855
4 145 0.1046061438260406
4 155 0.11502470773033603
4 167 0.12924327142972653
4 168 0.047492383871239205
4 169 0.07464160570879208
4 170 0.06462163571486326
4 171 0.07464160570879208
4 172 0.09177085755241615
4 173 0.17253706159550403
4 174 0.047492383871239205
4 175 0.09177085755241615
4 176 0.10399593290460855
4 177 0.2875617693258401
4 178 0.07464160570879208
4 179 0.07464160570879208
4 180 0.047492383871239205
4 181 0.06462163571486326
4 182 0.09177085755241615
4 183 0.2849543032274352
4 184 0.06462163571486326
4 185 0.09177085755241615
4 186 0.07464160570879208
4 187 0.09177085755241615
4 188 0.09177085755241615
4 189 0.09177085755241615
4 190 0.2875617693258401
4 191 0.11502470773033603
4 192 0.09177085755241615
4 193 0.23004941546067206
4 194 0.1835417151048323
4 195 0.15599389935691282
4 196 0.1938649071445898
4 197 0.09177085755241615
4 198 0.09177085755241615
4 199 0.07464160570879208
4 200 0.07464160570879208
4 201 0.047492383871239205
4 202 0.07464160570879208
4 203 0.07464160570879208
4 204 0.057512353865168016
4 205 0.05199796645230428
4 206 0.09177085755241615
4 207 0.05199796645230428
4 208 0.08515528106468433
4 209 0.22392481712637627
4 210 0.09177085755241615
4 211 0.14928321141758416
4 212 0.057512353865168016
4 213 0.1835417151048323
4 214 0.09177085755241615
4 215 0.06462163571486326
4 216 0.07464160570879208
4 217 0.14928321141758416
4 218 0.10399593290460855
4 219 0.06462163571486326
5 13 0.11114904382850574
5 23 0.09597143592922236
5 220 0.20544095646566646
5 221 0.20544095646566646
5 222 0.25258691278424683
5 223 0.5051738255684937
5 224 0.1582950001470861
5 225 0.25258691278424683
5 226 0.3165900002941722
5 227 0.25258691278424683
5 228 0.05599181081449142
5 229 0.25258691278424683
5 230 0.25258691278424683
5 231 0.25258691278424683
5 232 0.25258691278424683
5 233 0.25258691278424683
6 6 0.014924724848624378
6 7 0.017042636186054814
6 23 0.08951738613228018
6 26 0.028036487469728553
6 34 0.025918576132298116
6 37 0.025918576132298116
6 50 0.030481436676517572
6 64 0.033373197816743784
6 67 0.03691242741597185
6 69 0.04147528796019131
6 70 0.033373197816743784
6 71 0.07974177896807881
6 73 0.030481436676517572
6 76 0.030481436676517572
6 84 0.13427607919842027
6 86 0.020867653241982163
6 87 0.08410946240918565
6 89 0.047906278699645595
6 90 0.03408527237210963
6 97 0.13427607919842027
6 100 0.05607297493945711
6 101 0.024050445937063285
6 112 0.019487585392843832
6 116 0.047906278699645595
6 120 0.047906278699645595
6 132 0.025918576132298116
6 139 0.05183715226459623
6 148 0.022379346533070044
6 167 0.04147528796019131
6 171 0.047906278699645595
6 178 0.047906278699645595
6 180 0.060962873353035144
6 208 0.03643609207575319
6 228 0.01305659465338955
6 234 0.05890012998331933
6 235 0.05890012998331933
6 236 0.11780025996663866
6 237 0.09581255739929119
6 238 0.047906278699645595
6 239 0.05890012998331933
6 240 0.05890012998331933
6 241 0.05890012998331933
6 242 0.033373197816743784
6 243 0.05890012998331933
6 244 0.05890012998331933
6 245 0.11780025996663866
6 246 0.05890012998331933
6 247 0.03691242741597185
6 248 0.11780025996663866
6 249 0.1476497096638874
6 250 0.05890012998331933
6 251 0.05890012998331933
6 252 0.11780025996663866
6 253 0.06674639563348757
6 254 0.05890012998331933
6 255 0.04147528796019131
6 256 0.05890012998331933
6 257 0.05890012998331933
6 258 0.05890012998331933
6 259 0.05890012998331933
6 260 0.05890012998331933
6 261 0.09581255739929119
6 262 0.11780025996663866
6 263 0.047906278699645595
6 264 0.047906278699645595
6 265 0.05890012998331933
6 266 0.047906278699645595
6 267 0.047906278699645595
6 268 0.05890012998331933
6 269 0.05890012998331933
6 270 0.05890012998331933
6 271 0.047906278699645595
6 272 0.11780025996663866
6 273 0.04147528796019131
6 274 0.060962873353035144
6 275 0.04147528796019131
6 276 0.030481436676517572
6 277 0.05890012998331933
6 278 0.05890012998331933
6 279 0.047906278699645595
6 280 0.04147528796019131
6 281 0.047906278699645595
6 282 0.05890012998331933
6 283 0.047906278699645595
6 284 0.11780025996663866
6 285 0.08295057592038262
6 286 0.047906278699645595
6 287 0.05890012998331933
6 288 0.11780025996663866
6 289 0.04810089187412657
6 290 0.11780025996663866
6 291 0.05890012998331933
6 292 0.05890012998331933
6 293 0.04147528796019131
6 294 0.047906278699645595
6 295 0.03691242741597185
6 296 0.03691242741597185
6 297 0.04147528796019131
6 298 0.09581255739929119
6 299 0.033373197816743784
6 300 0.05890012998331933
6 301 0.05890012998331933
6 302 0.0738248548319437
6 303 0.05890012998331933
6 304 0.05890012998331933
6 305 0.047906278699645595
6 306 0.05890012998331933
6 307 0.047906278699645595
6 308 0.05890012998331933
6 309 0.05890012998331933
6 310 0.05890012998331933
6 311 0.05890012998331933
6 312 0.047906278699645595
6 313 0.047906278699645595
6 314 0.028036487469728553
6 315 0.024050445937063285
6 316 0.05890012998331933
6 317 0.11780025996663866
6 318 0.23560051993327732
6 319 0.033373197816743784
6 320 0.05890012998331933
6 321 0.05890012998331933
6 322 0.19162511479858238
6 323 0.04147528796019131
6 324 0.024050445937063285
6 325 0.05890012998331933
6 326 0.16590115184076523
6 327 0.11780025996663866
6 328 0.19162511479858238
6 329 0.04147528796019131
6 330 0.09581255739929119
6 331 0.05890012998331933
6 332 0.047906278699645595
6 333 0.05890012998331933
6 334 0.05890012998331933
6 335 0.05890012998331933
6 336 0.11780025996663866
6 337 0.05890012998331933
6 338 0.05890012998331933
6 339 0.09581255739929119
6 340 0.05890012998331933
6 341 0.030481436676517572
6 342 0.05890012998331933
6 343 0.04147528796019131
6 344 0.033373197816743784
6 345 0.2874376721978736
6 346 0.11780025996663866
6 347 0.09581255739929119
6 348 0.04147528796019131
6 349 0.04147528796019131
6 350 0.09581255739929119
6 351 0.176700389949958
6 352 0.033373197816743784
6 353 0.09581255739929119
6 354 0.05890012998331933
6 355 0.047906278699645595
6 356 0.047906278699645595
6 357 0.047906278699645595
6 358 0.05890012998331933
6 359 0.025918576132298116
6 360 0.05890012998331933
6 361 0.05890012998331933
6 362 0.0738248548319437
6 363 0.20737643980095652
6 364 0.05890012998331933
6 365 0.047906278699645595
6 366 0.08295057592038262
6 367 0.047906278699645595
6 368 0.05890012998331933
6 369 0.030481436676517572
6 370 0.05890012998331933
6 371 0.030481436676517572
6 372 0.05890012998331933
6 373 0.047906278699645595
6 374 0.05890012998331933
7 6 0.051556633519313375
7 17 0.07163703998431384
7 26 0.048425244830521824
7 34 0.04476714125548794
7 60 0.07163703998431384
7 64 0.057642929657225755
7 71 0.055092709797115814
7 82 0.07163703998431384
7 87 0.048425244830521824
7 127 0.0210704647191886
7 132 0.04476714125548794
7 143 0.08274479024715044
7 152 0.09685048966104365
7 153 0.12751193150263837
7 159 0.0386541051613945
7 165 0.08274479024715044
7 168 0.05264821548848259
7 237 0.08274479024715044
7 242 0.057642929657225755
7 249 0.06375596575131919
7 261 0.08274479024715044
7 266 0.08274479024715044
7 267 0.08274479024715044
7 271 0.08274479024715044
7 275 0.07163703998431384
7 281 0.08274479024715044
7 293 0.07163703998431384
7 295 0.19126789725395757
7 302 0.06375596575131919
7 314 0.048425244830521824
7 315 0.041540465225645994
7 329 0.07163703998431384
7 332 0.08274479024715044
7 344 0.057642929657225755
7 345 0.49646874148290265
7 347 0.08274479024715044
7 348 0.2149111199529415
7 350 0.08274479024715044
7 352 0.057642929657225755
7 353 0.08274479024715044
7 356 0.08274479024715044
7 359 0.08953428251097588
7 367 0.08274479024715044
7 375 0.10173361474298169
7 376 0.10173361474298169
7 377 0.10173361474298169
7 378 0.10173361474298169
7 379 0.10173361474298169
7 380 0.10173361474298169
7 381 0.10173361474298169
7 382 0.10173361474298169
7 383 0.10173361474298169
7 384 0.10173361474298169
7 385 0.08274479024715044
7 386 0.10173361474298169
7 387 0.16548958049430088
7 388 0.10173361474298169
7 389 0.10173361474298169
7 390 0.07163703998431384
7 391 0.10173361474298169
7 392 0.10173361474298169
7 393 0.12751193150263837
7 394 0.10173361474298169
7 395 0.08274479024715044
7 396 0.10173361474298169
7 397 0.10173361474298169
7 398 0.10173361474298169
7 399 0.10173361474298169
7 400 0.10173361474298169
7 401 0.07163703998431384
7 402 0.10173361474298169
7 403 0.10173361474298169
7 404 0.10173361474298169
7 405 0.08274479024715044
7 406 0.10173361474298169
7 407 0.06375596575131919
7 408 0.05264821548848259
7 409 0.30520084422894506
7 410 0.08274479024715044
7 411 0.07163703998431384
7 412 0.10173361474298169
7 413 0.10173361474298169
8 10 0.07882961777710831
8 12 0.039414808888554156
8 17 0.044286996629253
8 46 0.029937147808587153
8 101 0.025680883015666473
8 127 0.013026049096945219
8 224 0.039414808888554156
8 226 0.039414808888554156
8 228 0.013941732338523794
8 264 0.051153959565696835
8 276 0.03254784595211032
8 314 0.029937147808587153
8 319 0.07127129295093185
8 324 0.025680883015666473
8 352 0.035635646475465924
8 371 0.06509569190422064
8 387 0.10230791913139367
8 390 0.132860989887759
8 407 0.039414808888554156
8 408 0.03254784595211032
8 411 0.044286996629253
8 414 0.051153959565696835
8 415 0.06289311024283953
8 416 0.15346187869709052
8 417 0.039414808888554156
8 418 0.06289311024283953
8 419 0.06289311024283953
8 420 0.051153959565696835
8 421 0.12578622048567906
8 422 0.12578622048567906
8 423 0.10230791913139367
8 424 0.051153959565696835
8 425 0.02767565821141147
8 426 0.06289311024283953
8 427 0.051153959565696835
8 428 0.12578622048567906
8 429 0.30692375739418104
8 430 0.12578622048567906
8 431 0.06289311024283953
8 432 0.06289311024283953
8 433 0.12578622048567906
8 434 0.051153959565696835
8 435 0.06289311024283953
8 436 0.06289311024283953
8 437 0.12578622048567906
8 438 0.12578622048567906
8 439 0.06289311024283953
8 440 0.15346187869709052
8 441 0.4603856360912716
8 442 0.2515724409713581
8 443 0.10230791913139367
8 444 0.06289311024283953
8 445 0.07882961777710831
8 446 0.06289311024283953
8 447 0.044286996629253
8 448 0.02767565821141147
8 449 0.12578622048567906
8 450 0.06289311024283953
8 451 0.10230791913139367
8 452 0.06289311024283953
8 453 0.06289311024283953
8 454 0.051153959565696835
8 455 0.051153959565696835
8 456 0.06289311024283953
8 457 0.15346187869709052
8 458 0.06289311024283953
8 459 0.06289311024283953
8 460 0.06289311024283953
8 461 0.06289311024283953
8 462 0.06289311024283953
8 463 0.12578622048567906
8 464 0.12578622048567906
8 465 0.12578622048567906
8 466 0.02767565821141147
8 467 0.051153959565696835
8 468 0.15346187869709052
8 469 0.12578622048567906
8 470 0.051153959565696835
8 471 0.039414808888554156
8 472 0.06289311024283953
8 473 0.06289311024283953
8 474 0.06289311024283953
8 475 0.06289311024283953
8 476 0.06289311024283953
8 477 0.06289311024283953
8 478 0.06289311024283953
8 479 0.06289311024283953
8 480 0.051153959565696835
8 481 0.06289311024283953
8 482 0.035635646475465924
8 483 0.051153959565696835
8 484 0.06289311024283953
8 485 0.2515724409713581
8 486 0.06289311024283953
8 487 0.051153959565696835
8 488 0.051153959565696835
8 489 0.051153959565696835
8 490 0.06289311024283953
8 491 0.10230791913139367
9 6 0.02481268243461448
9 11 0.07964523916218152
9 15 0.02533802854244754
9 25 0.016199269087853033
9 34 0.043090201343803494
9 51 0.07964523916218152
9 52 0.018603077251050263
9 53 0.2787183139669229
9 97 0.018603077251050263
9 100 0.02330563769932891
9 105 0.02330563769932891
9 129 0.04543185172609898
9 134 0.21478702088547375
9 135 0.05548367341128955
9 137 0.027741836705644774
9 145 0.037206154502100526
9 152 0.04661127539865782
9 155 0.03068386012649625
9 159 0.11161846350630157
9 181 0.03447678799704204
9 183 0.15202817125468523
9 195 0.027741836705644774
9 201 0.05067605708489508
9 218 0.08322551011693431
9 228 0.010853437503804322
9 408 0.02533802854244754
9 440 0.07964523916218152
9 451 0.07964523916218152
9 492 0.09792275807137053
9 493 0.4896137903568527
9 494 0.11946785874327227
9 495 0.09792275807137053
9 496 0.14688413710705578
9 497 0.04896137903568527
9 498 0.04896137903568527
9 499 0.04896137903568527
9 500 0.03447678799704204
9 501 0.09792275807137053
9 502 0.13790715198816816
9 503 0.03982261958109076
9 504 0.09792275807137053
9 505 0.09792275807137053
9 506 0.03982261958109076
9 507 0.08322551011693431
9 508 0.04896137903568527
9 509 0.04896137903568527
9 510 0.05067605708489508
9 511 0.06895357599408408
9 512 0.04896137903568527
9 513 0.03982261958109076
9 514 0.1991130979054538
9 515 0.16645102023386862
9 516 0.027741836705644774
9 517 0.04896137903568527
9 518 0.04896137903568527
9 519 0.19584551614274107
9 520 0.04896137903568527
9 521 0.04896137903568527
9 522 0.03068386012649625
9 523 0.04896137903568527
9 524 0.09792275807137053
9 525 0.10343036399112612
9 526 0.09792275807137053
9 527 0.03447678799704204
9 528 0.03068386012649625
9 529 0.06895357599408408
9 530 0.09792275807137053
9 531 0.03447678799704204
9 532 0.04896137903568527
9 533 0.09792275807137053
9 534 0.07964523916218152
9 535 0.04896137903568527
9 536 0.04896137903568527
9 537 0.06895357599408408
9 538 0.3427296532497968
9 539 0.14688413710705578
9 540 0.04896137903568527
9 541 0.03982261958109076
9 542 0.04896137903568527
9 543 0.15929047832436305
9 544 0.03982261958109076
9 545 0.19584551614274107
9 546 0.04896137903568527
9 547 0.04896137903568527
10 39 0.02912555113589654
10 52 0.017658302297259502
10 56 0.11650220454358616
10 59 0.018976874240407067
10 62 0.03780019000845498
10 64 0.07899882350945384
10 73 0.04810242537630361
10 76 0.024051212688151805
10 77 0.04810242537630361
10 80 0.07215363806445542
10 84 0.10594981378355701
10 87 0.044244077490128514
10 88 0.018976874240407067
10 90 0.02689479974501164
10 93 0.1512007600338199
10 96 0.032725851560710235
10 97 0.14126641837807602
10 98 0.01344739987250582
10 100 0.08848815498025703
10 101 0.037953748480814134
10 103 0.03780019000845498
10 105 0.08848815498025703
10 106 0.14430727612891084
10 110 0.07560038001690995
10 111 0.04810242537630361
10 112 0.015376573815593365
10 114 0.022122038745064257
10 122 0.03780019000845498
10 124 0.0818036490533524
10 126 0.024051212688151805
10 127 0.02887677523525554
10 132 0.0409018245266762
10 139 0.0818036490533524
10 145 0.017658302297259502
10 159 0.035316604594519005
10 161 0.02912555113589654
10 173 0.02912555113589654
10 199 0.03780019000845498
10 201 0.024051212688151805
10 208 0.014374850656467503
10 212 0.02912555113589654
10 253 0.23699647052836148
10 255 0.06545170312142047
10 274 0.04810242537630361
10 285 0.13090340624284094
10 286 0.03780019000845498
10 289 0.018976874240407067
10 297 0.032725851560710235
10 313 0.03780019000845498
10 314 0.022122038745064257
10 319 0.026332941169817946
10 322 0.03780019000845498
10 328 0.03780019000845498
10 343 0.09817755468213071
10 344 0.05266588233963589
10 349 0.032725851560710235
10 355 0.03780019000845498
10 359 0.0204509122633381
10 362 0.14562775567948272
10 363 0.032725851560710235
10 365 0.03780019000845498
10 366 0.2618068124856819
10 369 0.024051212688151805
10 408 0.04810242537630361
10 466 0.0204509122633381
10 467 0.03780019000845498
10 500 0.032725851560710235
10 515 0.10533176467927179
10 548 0.032725851560710235
10 549 0.04647482888101342
10 550 0.04647482888101342
10 551 0.03780019000845498
10 552 0.04647482888101342
10 553 0.04647482888101342
10 554 0.04647482888101342
10 555 0.04647482888101342
10 556 0.02912555113589654
10 557 0.04647482888101342
10 558 0.04647482888101342
10 559 0.03780019000845498
10 560 0.04647482888101342
10 561 0.04647482888101342
10 562 0.02912555113589654
10 563 0.04647482888101342
10 564 0.03780019000845498
10 565 0.024051212688151805
10 566 0.04647482888101342
10 567 0.04647482888101342
10 568 0.04647482888101342
10 569 0.03780019000845498
10 570 0.04647482888101342
10 571 0.03780019000845498
10 572 0.04647482888101342
10 573 0.08737665340768962
10 574 0.04647482888101342
10 575 0.03780019000845498
10 576 0.13090340624284094
10 577 0.06545170312142047
10 578 0.09294965776202684
10 579 0.11340057002536492
10 580 0.09294965776202684
10 581 0.02912555113589654
10 582 0.04647482888101342
10 583 0.26460133005918485
10 584 0.02912555113589654
10 585 0.05825110227179308
10 586 0.13942448664304022
10 587 0.13942448664304022
10 588 0.06545170312142047
10 589 0.09817755468213071
10 590 0.04647482888101342
10 591 0.08737665340768962
10 592 0.03780019000845498
10 593 0.032725851560710235
10 594 0.09294965776202684
10 595 0.04647482888101342
10 596 0.03780019000845498
10 597 0.04647482888101342
10 598 0.09294965776202684
10 599 0.026332941169817946
10 600 0.09294965776202684
10 601 0.04647482888101342
10 602 0.03780019000845498
10 603 0.04647482888101342
10 604 0.07560038001690995
10 605 0.03780019000845498
10 606 0.032725851560710235
10 607 0.18589931552405367
10 608 0.032725851560710235
10 609 0.032725851560710235
10 610 0.04647482888101342
10 611 0.04647482888101342
10 612 0.04647482888101342
10 613 0.378632164766655
10 614 0.04647482888101342
10 615 0.06545170312142047
10 616 0.032725851560710235
10 617 0.06545170312142047
10 618 0.04647482888101342
10 619 0.04647482888101342
10 620 0.03780019000845498
10 621 0.04647482888101342
10 622 0.04647482888101342
10 623 0.03780019000845498
10 624 0.11650220454358616
10 625 0.04647482888101342
10 626 0.04647482888101342
10 627 0.04647482888101342
10 628 0.06545170312142047
10 629 0.09294965776202684
10 630 0.04647482888101342
10 631 0.04647482888101342
10 632 0.032725851560710235
10 633 0.09294965776202684
10 634 0.07560038001690995
10 635 0.03780019000845498
10 636 0.07560038001690995
10 637 0.032725851560710235
10 638 0.11340057002536492
10 639 0.09294965776202684
10 640 0.04647482888101342
10 641 0.04647482888101342
10 642 0.09294965776202684
10 643 0.04647482888101342
10 644 0.032725851560710235
10 645 0.04647482888101342
10 646 0.04647482888101342
10 647 0.04647482888101342
10 648 0.04647482888101342
10 649 0.04647482888101342
10 650 0.032725851560710235
10 651 0.03780019000845498
10 652 0.04647482888101342
10 653 0.04647482888101342
10 654 0.02912555113589654
11 43 0.07614038003044002
11 56 0.10024530549102133
11 70 0.09063360620125947
11 73 0.08278027605739555
11 80 0.08278027605739555
11 86 0.05667154453294106
11 88 0.06531524662376975
11 98 0.09256743001974249
11 105 0.15228076006088004
11 106 0.1655605521147911
11 124 0.07038864047045254
11 139 0.07038864047045254
11 145 0.06077694118069068
11 146 0.2252738821559286
11 152 0.07614038003044002
11 153 0.10024530549102133
11 159 0.12155388236138136
11 164 0.13010197051159011
11 170 0.1126369410779643
11 212 0.20049061098204266
11 253 0.2719008186037784
11 289 0.06531524662376975
11 343 0.1126369410779643
11 408 0.1655605521147911
11 511 0.1126369410779643
11 551 0.13010197051159011
11 562 0.10024530549102133
11 569 0.13010197051159011
11 579 0.26020394102318023
11 588 0.2252738821559286
11 589 0.1126369410779643
11 592 0.13010197051159011
11 593 0.1126369410779643
11 613 0.20049061098204266
11 620 0.13010197051159011
11 624 0.10024530549102133
11 632 0.1126369410779643
11 634 0.13010197051159011
11 655 0.1599586355321589
11 656 0.1599586355321589
11 657 0.1599586355321589
11 658 0.3199172710643178
11 659 0.1599586355321589
11 660 0.13010197051159011
11 661 0.1599586355321589
11 662 0.1599586355321589
11 663 0.1599586355321589
12 7 0.08068611410123912
12 15 0.03607758580893176
12 25 0.023065350943934963
12 28 0.05670149012052808
12 38 0.052976032820438335
12 47 0.03950025127521596
12 50 0.03607758580893176
12 53 0.07215517161786351
12 76 0.10823275742679526
12 86 0.29638545917304426
12 90 0.02017152852530978
12 95 0.03318376339030657
12 98 0.14120069967716845
12 112 0.16145745660754474
12 118 0.03318376339030657
12 127 0.05775477796446052
12 129 0.021562734269310456
12 137 0.03950025127521596
12 145 0.026488016410219167
12 146 0.24544910336964268
12 162 0.03950025127521596
12 168 0.03607758580893176
12 174 0.07215517161786351
12 176 0.03950025127521596
12 177 0.043689255255531294
12 180 0.03607758580893176
12 184 0.04908982067392854
12 190 0.043689255255531294
12 191 0.043689255255531294
12 207 0.03950025127521596
12 208 0.021562734269310456
12 218 0.07900050255043192
12 247 0.043689255255531294
12 296 0.043689255255531294
12 299 0.07900050255043192
12 302 0.043689255255531294
12 314 0.03318376339030657
12 324 0.028465916362332214
12 471 0.043689255255531294
12 502 0.04908982067392854
12 510 0.03607758580893176
12 513 0.05670149012052808
12 522 0.043689255255531294
12 528 0.21844627627765648
12 541 0.05670149012052808
12 573 0.17475702102212518
12 589 0.04908982067392854
12 615 0.09817964134785707
12 616 0.04908982067392854
12 650 0.09817964134785707
12 664 0.05670149012052808
12 665 0.06971372498552487
12 666 0.05670149012052808
12 667 0.04908982067392854
12 668 0.06971372498552487
12 669 0.06971372498552487
12 670 0.39691043084369654
12 671 0.06971372498552487
12 672 0.05670149012052808
12 673 0.13942744997104975
12 674 0.043689255255531294
12 675 0.06971372498552487
12 676 0.13942744997104975
12 677 0.06971372498552487
12 678 0.06971372498552487
12 679 0.11340298024105616
12 680 0.06971372498552487
12 681 0.08737851051106259
12 682 0.05670149012052808
12 683 0.06971372498552487
12 684 0.06971372498552487
12 685 0.11340298024105616
12 686 0.13942744997104975
12 687 0.19926141453632548
12 688 0.3402089407231685
12 689 0.043689255255531294
12 690 0.09817964134785707
12 691 0.04908982067392854
12 692 0.06971372498552487
12 693 0.06971372498552487
12 694 0.06971372498552487
12 695 0.13942744997104975
12 696 0.2561932472609899
12 697 0.04908982067392854
12 698 0.09817964134785707
12 699 0.07900050255043192
12 700 0.05670149012052808
13 7 0.07865833080160957
13 35 0.14740395309321097
13 98 0.23597499240482872
13 108 0.11357671409824455
13 127 0.03753553285762777
13 140 0.10268677549329552
13 141 0.1914244301673348
13 142 0.11357671409824455
13 162 0.15403016323994326
13 180 0.04689452389162839
13 205 0.05134338774664776
13 207 0.2567169387332388
13 208 0.028027766678076233
13 228 0.020087071236651287
13 249 0.17036507114736682
13 275 0.1276162867782232
13 369 0.18757809556651356
13 401 0.0638081433891116
13 468 0.07370197654660549
13 471 0.05678835704912227
13 510 0.09378904778325678
13 516 0.10268677549329552
13 576 0.0638081433891116
13 585 0.05678835704912227
13 701 0.04689452389162839
13 702 0.07370197654660549
13 703 0.2718467881322661
13 704 0.3624623841763548
13 705 0.0906155960440887
13 706 0.0906155960440887
13 707 0.0906155960440887
13 708 0.0638081433891116
13 709 0.1812311920881774
13 710 0.0906155960440887
13 711 0.3624623841763548
13 712 0.0906155960440887
13 713 0.0906155960440887
13 714 0.0906155960440887
13 715 0.22110592963981646
13 716 0.07370197654660549
13 717 0.2552325735564464
13 718 0.0906155960440887
13 719 0.0906155960440887
13 720 0.0906155960440887
13 721 0.0906155960440887
13 722 0.07370197654660549
13 723 0.07370197654660549
13 724 0.0906155960440887
13 725 0.0906155960440887
13 726 0.0906155960440887
14 5 0.1840152290081852
14 6 0.05732811513335275
14 7 0.06546333144225751
14 15 0.05854189370139255
14 23 0.12894365902919377
14 38 0.25788731805838755
14 39 0.14178619104990772
14 47 0.12819147731107336
14 57 0.1170837874027851
14 339 0.1840152290081852
14 727 0.4524885339329254
14 728 0.2262442669664627
14 729 0.2262442669664627
14 730 0.2262442669664627
14 731 0.2262442669664627
14 732 0.2262442669664627
14 733 0.2262442669664627
14 734 0.14178619104990772
14 735 0.2262442669664627
14 736 0.4524885339329254
15 6 0.023390166950333965
15 7 0.053418754410385925
15 15 0.04777078974527919
15 23 0.10521935719896369
15 26 0.04393904271396605
15 37 0.12185949737732116
15 38 0.10521935719896369
15 57 0.04777078974527919
15 63 0.057849497967880144
15 71 0.07498323253116082
15 77 0.23885394872639593
15 84 0.10521935719896369
15 87 0.2636342562837963
15 88 0.03769208152267822
15 90 0.10683750882077185
15 98 0.026709377205192963
15 100 0.04393904271396605
15 101 0.11307624456803465
15 105 0.13181712814189814
15 111 0.14331236923583757
15 118 0.04393904271396605
15 123 0.23139799187152058
15 127 0.03823691764655829
15 132 0.04061983245910705
15 140 0.052302784575094324
15 148 0.07014623813264247
15 152 0.04393904271396605
15 201 0.09554157949055837
15 226 0.057849497967880144
15 228 0.020462416013905138
15 249 0.057849497967880144
15 255 0.06500045525405226
15 274 0.04777078974527919
15 319 0.052302784575094324
15 323 0.06500045525405226
15 416 0.07507916347665324
15 417 0.057849497967880144
15 425 0.0812396649182141
15 443 0.07507916347665324
15 445 0.057849497967880144
15 470 0.07507916347665324
15 488 0.15015832695330647
15 491 0.07507916347665324
15 581 0.11569899593576029
15 617 0.06500045525405226
15 697 0.06500045525405226
15 701 0.04777078974527919
15 737 0.07507916347665324
15 738 0.09230882898542632
15 739 0.26000182101620906
15 740 0.09230882898542632
15 741 0.07507916347665324
15 742 0.09230882898542632
15 743 0.057849497967880144
15 744 0.07507916347665324
15 745 0.09230882898542632
15 746 0.06500045525405226
15 747 0.07507916347665324
15 748 0.06500045525405226
15 749 0.07507916347665324
15 750 0.057849497967880144
15 751 0.07507916347665324
15 752 0.15015832695330647
15 753 0.30031665390661294
15 754 0.1950013657621568
15 755 0.06500045525405226
15 756 0.09230882898542632
15 757 0.11569899593576029
15 758 0.09230882898542632
15 759 0.07507916347665324
15 760 0.1735484939036404
15 761 0.09230882898542632
15 762 0.09230882898542632
15 763 0.09230882898542632
15 764 0.057849497967880144
15 765 0.06500045525405226
15 766 0.09230882898542632
15 767 0.09230882898542632
15 768 0.057849497967880144
15 769 0.04777078974527919
15 770 0.09230882898542632
15 771 0.04777078974527919
15 772 0.07507916347665324
15 773 0.09230882898542632
15 774 0.15015832695330647
15 775 0.09230882898542632
15 776 0.09230882898542632
15 777 0.09230882898542632
15 778 0.09230882898542632
15 779 0.2252374904299597
16 59 0.23056791359104523
16 71 0.021842060821208396
16 73 0.041745832763075454
16 84 0.06129924042826905
16 86 0.0571585632030755
16 88 0.03293827337014932
16 90 0.07002219556925406
16 97 0.27584658192721073
16 111 0.16698333105230181
16 112 0.026689210531619666
16 128 0.05680245499453124
16 140 0.04570624244559032
16 145 0.06129924042826905
16 157 0.05055339215600159
16 208 0.024950513692588
16 274 0.041745832763075454
16 359 0.0709935398490916
16 447 0.2840122749726562
16 448 0.0354967699245458
16 507 0.09141248489118065
16 511 0.05680245499453124
16 514 0.06561001438745738
16 515 0.04570624244559032
16 556 0.10110678431200318
16 565 0.33396666210460363
16 599 0.04570624244559032
16 602 0.13122002877491476
16 608 0.05680245499453124
16 615 0.05680245499453124
16 628 0.05680245499453124
16 644 0.05680245499453124
16 769 0.041745832763075454
16 780 0.19683004316237213
16 781 0.08066663661891316
16 782 0.08066663661891316
16 783 0.08066663661891316
16 784 0.11360490998906247
16 785 0.06561001438745738
16 786 0.1828249697823613
16 787 0.07679470817574761
16 788 0.14970308215552802
16 789 0.05680245499453124
16 790 0.13122002877491476
16 791 0.06561001438745738
16 792 0.06561001438745738
16 793 0.24199990985673947
16 794 0.1613332732378263
16 795 0.05680245499453124
16 796 0.06561001438745738
16 797 0.05680245499453124
16 798 0.08066663661891316
16 799 0.13122002877491476
16 800 0.05680245499453124
16 801 0.05680245499453124
16 802 0.11360490998906247
16 803 0.06561001438745738
16 804 0.06561001438745738
16 805 0.04570624244559032
16 806 0.05680245499453124
16 807 0.13122002877491476
16 808 0.08066663661891316
16 809 0.08066663661891316
16 810 0.08066663661891316
16 811 0.08066663661891316
16 812 0.06561001438745738
16 813 0.08066663661891316
16 814 0.2840122749726562
16 815 0.13122002877491476
16 816 0.09141248489118065
16 817 0.06561001438745738
16 818 0.06561001438745738
16 819 0.08066663661891316
16 820 0.08066663661891316
16 821 0.06561001438745738
16 822 0.08066663661891316
16 823 0.06561001438745738
16 824 0.08066663661891316
16 825 0.08066663661891316
16 826 0.06561001438745738
16 827 0.04570624244559032
16 828 0.04570624244559032
16 829 0.06561001438745738
16 830 0.08066663661891316
16 831 0.06561001438745738
17 4 0.035574399213287554
17 59 0.19645403631234443
17 70 0.024782377057511733
17 76 0.022635003727246365
17 83 0.030798853332617955
17 88 0.017859457846576766
17 90 0.08858903088496699
17 97 0.016618527452140135
17 112 0.014471154121874765
17 128 0.030798853332617955
17 135 0.024782377057511733
17 148 0.016618527452140135
17 153 0.027410549607915956
17 157 0.027410549607915956
17 159 0.08309263726070067
17 170 0.06159770666523591
17 174 0.04527000745449273
17 211 0.035574399213287554
17 263 0.035574399213287554
17 273 0.030798853332617955
17 279 0.07114879842657511
17 329 0.030798853332617955
17 330 0.035574399213287554
17 341 0.11317501863623182
17 359 0.01924670000254436
17 371 0.11317501863623182
17 447 0.09239655999785386
17 448 0.03849340000508872
17 489 0.035574399213287554
17 503 0.035574399213287554
17 507 0.024782377057511733
17 565 0.22635003727246364
17 584 0.21928439686332765
17 596 0.035574399213287554
17 599 0.049564754115023466
17 605 0.07114879842657511
17 606 0.030798853332617955
17 613 0.08223164882374787
17 616 0.030798853332617955
17 628 0.09239655999785386
17 666 0.035574399213287554
17 674 0.027410549607915956
17 696 0.0535783735397303
17 702 0.035574399213287554
17 757 0.027410549607915956
17 760 0.05482109921583191
17 769 0.11317501863623182
17 771 0.15844502609072453
17 780 0.07114879842657511
17 785 0.035574399213287554
17 786 0.049564754115023466
17 787 0.08327770178432467
17 788 0.08117049291606966
17 789 0.030798853332617955
17 795 0.06159770666523591
17 796 0.035574399213287554
17 797 0.030798853332617955
17 799 0.035574399213287554
17 804 0.035574399213287554
17 805 0.024782377057511733
17 806 0.030798853332617955
17 812 0.07114879842657511
17 814 0.2155919733283257
17 816 0.049564754115023466
17 818 0.035574399213287554
17 821 0.07114879842657511
17 823 0.07114879842657511
17 828 0.07434713117253519
17 831 0.035574399213287554
17 832 0.04373824881865915
17 833 0.04373824881865915
17 834 0.04373824881865915
17 835 0.04373824881865915
17 836 0.04373824881865915
17 837 0.04373824881865915
17 838 0.0874764976373183
17 839 0.04373824881865915
17 840 0.05482109921583191
17 841 0.14229759685315022
17 842 0.04373824881865915
17 843 0.1749529952746366
17 844 0.07114879842657511
17 845 0.04373824881865915
17 846 0.13121474645597742
17 847 0.10672319763986265
17 848 0.04373824881865915
17 849 0.04373824881865915
17 850 0.04373824881865915
17 851 0.035574399213287554
17 852 0.04373824881865915
17 853 0.10672319763986265
17 854 0.04373824881865915
17 855 0.04373824881865915
17 856 0.0874764976373183
17 857 0.13121474645597742
17 858 0.13121474645597742
17 859 0.0874764976373183
17 860 0.4373824881865915
17 861 0.035574399213287554
17 862 0.030798853332617955
17 863 0.14229759685315022
17 864 0.09912950823004693
17 865 0.04373824881865915
17 866 0.13121474645597742
17 867 0.030798853332617955
17 868 0.030798853332617955
17 869 0.04373824881865915
17 870 0.04373824881865915
17 871 0.04373824881865915
17 872 0.07114879842657511
17 873 0.04373824881865915
17 874 0.04373824881865915
17 875 0.0874764976373183
17 876 0.0874764976373183
17 877 0.0874764976373183
17 878 0.04373824881865915
17 879 0.04373824881865915
17 880 0.13121474645597742
17 881 0.04373824881865915
17 882 0.04373824881865915
17 883 0.035574399213287554
17 884 0.04373824881865915
17 885 0.035574399213287554
17 886 0.04373824881865915
17 887 0.07114879842657511
17 888 0.14229759685315022
17 889 0.0874764976373183
17 890 0.04373824881865915
17 891 0.0874764976373183
17 892 0.04373824881865915
17 893 0.0874764976373183
17 894 0.07114879842657511
17 895 0.035574399213287554
17 896 0.04373824881865915
17 897 0.07114879842657511
17 898 0.04373824881865915
17 899 0.0874764976373183
17 900 0.04373824881865915
17 901 0.030798853332617955
17 902 0.04373824881865915
17 903 0.14229759685315022
17 904 0.07114879842657511
18 7 0.11865847491335321
18 25 0.07537850421516783
18 31 0.07412110958026227
18 33 0.07412110958026227
18 38 0.017312782809872255
18 53 0.07074180992732897
18 55 0.032085505775185735
18 59 0.03721110858832851
18 71 0.11103960415434175
18 81 0.032085505775185735
18 90 0.013184274990372578
18 95 0.04337835491289733
18 97 0.017312782809872255
18 99 0.03706055479013114
18 111 0.023580603309109653
18 129 0.1268422053464083
18 132 0.020050749857978962
18 133 0.03706055479013114
18 136 0.03706055479013114
18 139 0.020050749857978962
18 140 0.10327074110379339
18 141 0.06417101155037147
18 142 0.057111304648110095
18 145 0.1211894796691058
18 155 0.08566695697216514
18 162 0.15490611165569007
18 167 0.06417101155037147
18 168 0.047161206618219306
18 169 0.07412110958026227
18 173 0.028555652324055047
18 174 0.07074180992732897
18 176 0.051635370551896695
18 177 0.14277826162027527
18 183 0.11790301654554827
18 186 0.14824221916052455
18 191 0.39977913253677066
18 193 0.08566695697216514
18 196 0.032085505775185735
18 201 0.047161206618219306
18 202 0.03706055479013114
18 203 0.07412110958026227
18 205 0.025817685275948347
18 207 0.025817685275948347
18 208 0.1268422053464083
18 209 0.07412110958026227
18 215 0.06417101155037147
18 216 0.11118166437039341
18 219 0.06417101155037147
18 247 0.028555652324055047
18 283 0.03706055479013114
18 299 0.051635370551896695
18 302 0.028555652324055047
18 314 0.08675670982579466
18 369 0.09432241323643861
18 516 0.12908842637974174
18 522 0.11422260929622019
18 544 0.03706055479013114
18 556 0.11422260929622019
18 576 0.032085505775185735
18 599 0.10327074110379339
18 650 0.0962565173255572
18 687 0.018605554294164255
18 689 0.17133391394433028
18 698 0.06417101155037147
18 708 0.032085505775185735
18 717 0.032085505775185735
18 722 0.03706055479013114
18 723 0.03706055479013114
18 801 0.032085505775185735
18 802 0.032085505775185735
18 803 0.07412110958026227
18 894 0.03706055479013114
18 897 0.33354499311118024
18 905 0.03706055479013114
18 906 0.09113091451241445
18 907 0.045565457256207226
18 908 0.045565457256207226
18 909 0.045565457256207226
18 910 0.1822618290248289
18 911 0.045565457256207226
18 912 0.045565457256207226
18 913 0.032085505775185735
18 914 0.09113091451241445
18 915 0.045565457256207226
18 916 0.13669637176862165
18 917 0.13669637176862165
18 918 0.045565457256207226
18 919 0.09113091451241445
18 920 0.045565457256207226
18 921 0.045565457256207226
18 922 0.045565457256207226
18 923 0.09113091451241445
18 924 0.045565457256207226
18 925 0.03706055479013114
18 926 0.045565457256207226
18 927 0.09113091451241445
18 928 0.09113091451241445
18 929 0.045565457256207226
18 930 0.045565457256207226
18 931 0.045565457256207226
18 932 0.13669637176862165
18 933 0.09113091451241445
18 934 0.032085505775185735
18 935 0.09113091451241445
18 936 0.03706055479013114
18 937 0.045565457256207226
18 938 0.13669637176862165
18 939 0.045565457256207226
18 940 0.22782728628103613
18 941 0.03706055479013114
18 942 0.11118166437039341
18 943 0.13669637176862165
18 944 0.09113091451241445
18 945 0.09113091451241445
19 3 0.08155867567969352
19 23 0.08801529564139592
19 24 0.08155867567969352
19 46 0.05513207746589048
19 91 0.08155867567969352
19 127 0.0239886963340336
19 129 0.03582469902914326
19 228 0.025675013271495725
19 276 0.11987984799706956
19 289 0.09458752990530891
19 324 0.04729376495265446
19 466 0.05096733136325636
19 482 0.06562639950185671
19 701 0.11987984799706956
19 734 0.14517216608883018
19 788 0.28659759223314607
19 946 0.09420483472557384
19 947 0.05513207746589048
19 948 0.11582358640673258
19 949 0.18840966945114768
19 950 0.09420483472557384
19 951 0.09420483472557384
19 952 0.11582358640673258
19 953 0.11582358640673258
19 954 0.18840966945114768
19 955 0.09420483472557384
19 956 0.09420483472557384
19 957 0.09420483472557384
19 958 0.11582358640673258
19 959 0.2826145041767215
19 960 0.09420483472557384
19 961 0.06562639950185671
19 962 0.2826145041767215
19 963 0.09420483472557384
19 964 0.09420483472557384
19 965 0.09420483472557384
19 966 0.18840966945114768
19 967 0.16311735135938704
19 968 0.09420483472557384
19 969 0.08155867567969352
19 970 0.09420483472557384
19 971 0.09420483472557384
19 972 0.11582358640673258
19 973 0.09420483472557384
19 974 0.09420483472557384
19 975 0.14517216608883018
19 976 0.09420483472557384
19 977 0.09420483472557384
19 978 0.09420483472557384
19 979 0.09420483472557384
19 980 0.09420483472557384
19 981 0.09420483472557384
19 982 0.09420483472557384
19 983 0.09420483472557384
19 984 0.11582358640673258
19 985 0.08155867567969352
19 986 0.05993992399853478
19 987 0.16311735135938704
19 988 0.11987984799706956
19 989 0.09420483472557384
19 990 0.09420483472557384
19 991 0.09420483472557384
19 992 0.2826145041767215
19 993 0.08155867567969352
19 994 0.09420483472557384
19 995 0.09420483472557384
19 996 0.06562639950185671
19 997 0.09420483472557384
19 998 0.09420483472557384
20 3 0.07554403959078958
20 23 0.040762254432879036
20 24 0.07554403959078958
20 32 0.15108807918157915
20 129 0.03318276638544714
20 228 0.02378158059718031
20 276 0.16655876105924697
20 289 0.13141809950466268
20 315 0.0438060331682209
20 324 0.0438060331682209
20 424 0.08725759344231766
20 466 0.04720868830023649
20 482 0.06078670700391964
20 701 0.05551958701974899
20 734 0.06723314087127708
20 788 0.26546213108357714
20 946 0.08725759344231766
20 947 0.05106630052653841
20 949 0.17451518688463533
20 950 0.08725759344231766
20 951 0.08725759344231766
20 954 0.08725759344231766
20 955 0.08725759344231766
20 956 0.08725759344231766
20 957 0.08725759344231766
20 959 0.261772780326953
20 960 0.08725759344231766
20 961 0.06078670700391964
20 962 0.261772780326953
20 963 0.08725759344231766
20 964 0.08725759344231766
20 965 0.08725759344231766
20 966 0.17451518688463533
20 967 0.07554403959078958
20 968 0.08725759344231766
20 969 0.07554403959078958
20 970 0.08725759344231766
20 971 0.08725759344231766
20 973 0.08725759344231766
20 974 0.08725759344231766
20 975 0.13446628174255415
20 976 0.08725759344231766
20 977 0.08725759344231766
20 978 0.08725759344231766
20 979 0.08725759344231766
20 980 0.08725759344231766
20 981 0.08725759344231766
20 982 0.08725759344231766
20 983 0.08725759344231766
20 986 0.05551958701974899
20 987 0.15108807918157915
20 988 0.22207834807899596
20 989 0.08725759344231766
20 990 0.08725759344231766
20 991 0.08725759344231766
20 992 0.261772780326953
20 993 0.07554403959078958
20 994 0.08725759344231766
20 995 0.08725759344231766
20 996 0.06078670700391964
20 997 0.08725759344231766
20 998 0.08725759344231766
20 999 0.21456409202671653
20 1000 0.17451518688463533
20 1001 0.10728204601335826
20 1002 0.17451518688463533
20 1003 0.10728204601335826
20 1004 0.10728204601335826
20 1005 0.10728204601335826
20 1006 0.21456409202671653
21 7 0.02483140564451092
21 34 0.03776379843136338
21 52 0.06521416355486756
21 55 0.12086037492311436
21 56 0.16134607025870157
21 61 0.06980024840777099
21 63 0.21512809367826874
21 64 0.09725061353127519
21 71 0.04647404166243993
21 77 0.355295699786827
21 80 0.1776478498934135
21 84 0.19564249066460265
21 86 0.09121355819200949
21 90 0.02483140564451092
21 98 0.07449421693353275
21 100 0.08169926126542947
21 101 0.07008380305427911
21 105 0.24509778379628838
21 106 0.31088373731347363
21 111 0.04441196247335338
21 123 0.4302561873565375
21 124 0.03776379843136338
21 127 0.08887107376027145
21 132 0.07552759686272675
21 139 0.03776379843136338
21 161 0.053782023419567185
21 162 0.09725061353127519
21 205 0.09725061353127519
21 228 0.0380473530778715
21 323 0.18129056238467153
21 324 0.07008380305427911
21 341 0.04441196247335338
21 425 0.07552759686272675
21 516 0.09725061353127519
21 593 0.06043018746155718
21 617 0.12086037492311436
21 743 0.053782023419567185
21 750 0.053782023419567185
21 755 0.06043018746155718
21 764 0.053782023419567185
21 765 0.12086037492311436
21 1007 0.17163694679194963
21 1008 0.17163694679194963
21 1009 0.08581847339597481
21 1010 0.08581847339597481
21 1011 0.08581847339597481
21 1012 0.08581847339597481
21 1013 0.08581847339597481
21 1014 0.08581847339597481
21 1015 0.053782023419567185
21 1016 0.08581847339597481
21 1017 0.17163694679194963
21 1018 0.08581847339597481
21 1019 0.08581847339597481
21 1020 0.08581847339597481
21 1021 0.08581847339597481
21 1022 0.08581847339597481
21 1023 0.06980024840777099
22 7 0.02168712089110452
22 38 0.05695639904861018
22 59 0.061209418874863204
22 63 0.04697185734735885
22 65 0.12192353885395768
22 77 0.03878828339239523
22 87 0.10703109891217354
22 90 0.06506136267331356
22 98 0.04337424178220904
22 101 0.030604709437431602
22 118 0.03567703297072451
22 125 0.3048088471348942
22 129 0.023182855193871164
22 159 0.02847819952430509
22 201 0.03878828339239523
22 228 0.03322959471562323
22 289 0.061209418874863204
22 393 0.04697185734735885
22 500 0.10555639094403042
22 515 0.12740433481177527
22 537 0.10555639094403042
22 571 0.12192353885395768
22 573 0.04697185734735885
22 637 0.3166691728320913
22 667 0.21111278188806085
22 672 0.06096176942697884
22 739 0.10555639094403042
22 743 0.04697185734735885
22 744 0.06096176942697884
22 746 0.15833458641604564
22 749 0.12192353885395768
22 753 0.06096176942697884
22 755 0.05277819547201521
22 759 0.18288530828093652
22 760 0.04697185734735885
22 769 0.07757656678479045
22 771 0.1551531335695809
22 790 0.06096176942697884
22 847 0.06096176942697884
22 895 0.06096176942697884
22 1015 0.0939437146947177
22 1024 0.07495168150659882
22 1025 0.07495168150659882
22 1026 0.07495168150659882
22 1027 0.07495168150659882
22 1028 0.14990336301319765
22 1029 0.14990336301319765
22 1030 0.07495168150659882
22 1031 0.12192353885395768
22 1032 0.14990336301319765
22 1033 0.14990336301319765
22 1034 0.07495168150659882
22 1035 0.22485504451979646
22 1036 0.14990336301319765
22 1037 0.14990336301319765
22 1038 0.07495168150659882
22 1039 0.07495168150659882
22 1040 0.07495168150659882
22 1041 0.07495168150659882
22 1042 0.07495168150659882
22 1043 0.07495168150659882
22 1044 0.22485504451979646
22 1045 0.07495168150659882
22 1046 0.14990336301319765
22 1047 0.22485504451979646
22 1048 0.07495168150659882
22 1049 0.2998067260263953
22 1050 0.07495168150659882
23 7 0.07564416483056069
23 25 0.3171524866740435
23 43 0.04148021578112124
23 46 0.04148021578112124
23 71 0.023595724692244475
23 86 0.030873866073902117
23 95 0.04148021578112124
23 112 0.0864961327292846
23 124 0.03834674838879001
23 129 0.1078150009451007
23 137 0.14812776902662186
23 173 0.05461224255972434
23 176 0.09875184601774792
23 177 0.16383672767917304
23 180 0.045097538414029206
23 181 0.12272606516992707
23 184 0.061363032584963534
23 190 0.10922448511944868
23 191 0.10922448511944868
23 193 0.10922448511944868
23 195 0.04937592300887396
23 196 0.061363032584963534
23 208 0.026953750236275175
23 215 0.061363032584963534
23 217 0.14175547346131737
23 218 0.04937592300887396
23 299 0.09875184601774792
23 359 0.03834674838879001
23 369 0.045097538414029206
23 522 0.05461224255972434
23 531 0.061363032584963534
23 585 0.05461224255972434
23 599 0.04937592300887396
23 667 0.1840890977548906
23 687 0.035582834268334064
23 696 0.1779141713416703
23 698 0.061363032584963534
23 701 0.09019507682805841
23 905 0.07087773673065868
23 934 0.061363032584963534
23 941 0.07087773673065868
23 1051 0.08714323090159302
23 1052 0.08714323090159302
23 1053 0.08714323090159302
23 1054 0.5522672932646718
23 1055 0.17428646180318605
23 1056 0.14175547346131737
23 1057 0.08714323090159302
23 1058 0.07087773673065868
23 1059 0.08714323090159302
23 1060 0.08714323090159302
23 1061 0.17428646180318605
23 1062 0.08714323090159302
23 1063 0.08714323090159302
23 1064 0.08714323090159302
23 1065 0.08714323090159302
23 1066 0.08714323090159302
23 1067 0.08714323090159302
23 1068 0.08714323090159302
23 1069 0.08714323090159302
23 1070 0.08714323090159302
23 1071 0.261429692704779
23 1072 0.07087773673065868
23 1073 0.061363032584963534
23 1074 0.08714323090159302
23 1075 0.08714323090159302
24 6 0.26127688999791454
24 25 0.026242750029558268
24 71 0.04295336810973068
24 83 0.055852256316112736
24 91 0.055852256316112736
24 97 0.06027381895223237
24 112 0.20994200023646614
24 114 0.11326511482204106
24 126 0.12314250951850651
24 127 0.016427716673573057
24 129 0.02453313833198356
24 134 0.04970772859408635
24 148 0.030136909476116185
24 159 0.030136909476116185
24 168 0.04104750317283551
24 276 0.04104750317283551
24 369 0.04104750317283551
24 425 0.06980595090161824
24 448 0.03490297545080912
24 527 0.055852256316112736
24 584 0.04970772859408635
24 636 0.06451248173736358
24 687 0.12954911100633862
24 696 0.032387277751584655
24 768 0.04970772859408635
24 784 0.11170451263222547
24 787 0.07551007654802738
24 788 0.34346393664776986
24 791 0.06451248173736358
24 805 0.08988332523878685
24 806 0.11170451263222547
24 816 0.22470831309696712
24 817 0.06451248173736358
24 827 0.044941662619393426
24 829 0.06451248173736358
24 844 0.12902496347472717
24 862 0.11170451263222547
24 867 0.055852256316112736
24 887 0.06451248173736358
24 901 0.055852256316112736
24 1054 0.11170451263222547
24 1076 0.12902496347472717
24 1077 0.06451248173736358
24 1078 0.15863446976128165
24 1079 0.044941662619393426
24 1080 0.06451248173736358
24 1081 0.07931723488064082
24 1082 0.15863446976128165
24 1083 0.07931723488064082
24 1084 0.07931723488064082
24 1085 0.07931723488064082
24 1086 0.07931723488064082
24 1087 0.25804992694945433
24 1088 0.07931723488064082
24 1089 0.07931723488064082
24 1090 0.07931723488064082
24 1091 0.2792612815805636
24 1092 0.2792612815805636
24 1093 0.12902496347472717
24 1094 0.07931723488064082
24 1095 0.06451248173736358
24 1096 0.32256240868681796
24 1097 0.07931723488064082
24 1098 0.16419001269134204
24 1099 0.07931723488064082
24 1100 0.07931723488064082
25 6 0.31257188106793254
25 71 0.06680200299720247
25 112 0.08162657985985716
25 114 0.11743489700258435
25 126 0.12767592161687774
25 295 0.15461305972762765
25 315 0.15110817525919173
25 425 0.10856371797060708
25 448 0.05428185898530354
25 687 0.10073878350612782
25 784 0.17372526337389832
25 788 0.26708125503407865
25 805 0.13978848286497297
25 816 0.13978848286497297
25 1076 0.20066240148464823
25 1087 0.20066240148464823
25 1091 0.34745052674779664
25 1092 0.34745052674779664
25 1093 0.20066240148464823
25 1096 0.40132480296929646
25 1098 0.2553518432337555
25 1101 0.17372526337389832
25 1102 0.17372526337389832
26 7 0.0903076055927895
26 25 0.1290790019513509
26 38 0.08893981444841967
26 47 0.17684198341749124
26 50 0.040379691428503096
26 53 0.040379691428503096
26 78 0.06346291258869116
26 86 0.08293205543661832
26 88 0.06372072261309587
26 95 0.03714079243643029
26 129 0.024134002778367903
26 135 0.04421049585437281
26 142 0.048899021550458256
26 159 0.029646604816139892
26 207 0.04421049585437281
26 208 0.048268005556735806
26 253 0.17684198341749124
26 324 0.03186036130654794
26 357 0.06346291258869116
26 471 0.048899021550458256
26 506 0.06346291258869116
26 507 0.04421049585437281
26 516 0.04421049585437281
26 528 0.048899021550458256
26 534 0.06346291258869116
26 562 0.048899021550458256
26 573 0.3422931508532078
26 585 0.048899021550458256
26 613 0.14669706465137478
26 651 0.06346291258869116
26 681 0.14669706465137478
26 682 0.1903887377660735
26 691 0.164830747400208
26 696 0.31860361306547935
26 699 0.08842099170874562
26 700 0.06346291258869116
26 715 0.06346291258869116
26 737 0.06346291258869116
26 739 0.054943582466736
26 901 0.054943582466736
26 1054 0.054943582466736
26 1103 0.07802680362692407
26 1104 0.07802680362692407
26 1105 0.15605360725384815
26 1106 0.07802680362692407
26 1107 0.07802680362692407
26 1108 0.06346291258869116
26 1109 0.07802680362692407
26 1110 0.07802680362692407
26 1111 0.07802680362692407
26 1112 0.06346291258869116
26 1113 0.5867882586054991
26 1114 0.07802680362692407
26 1115 0.07802680362692407
26 1116 0.07802680362692407
26 1117 0.07802680362692407
26 1118 0.15605360725384815
26 1119 0.06346291258869116
26 1120 0.07802680362692407
26 1121 0.07802680362692407
26 1122 0.07802680362692407
27 12 0.05565008973388295
27 13 0.01953774363417724
27 37 0.03907548726835448
27 38 0.016869828536555758
27 43 0.08453700570438087
27 52 0.016869828536555758
27 59 0.054388571880740685
27 84 0.016869828536555758
27 86 0.0157302954146735
27 90 0.025693900386661965
27 97 0.033739657073111516
27 98 0.012846950193330983
27 106 0.022977284413594187
27 107 0.031264585646358416
27 112 0.07344991590414975
27 124 0.03907548726835448
27 127 0.009195792413615808
27 134 0.027825044866941474
27 135 0.025157129769319997
27 139 0.07815097453670895
27 148 0.016869828536555758
27 174 0.022977284413594187
27 176 0.050314259538639994
27 204 0.027825044866941474
27 228 0.019684445454965328
27 242 0.07547138930795998
27 326 0.06252917129271683
27 363 0.031264585646358416
27 408 0.06893185324078256
27 466 0.23445292361012687
27 515 0.025157129769319997
27 525 0.06252917129271683
27 575 0.14444938439882282
27 591 0.027825044866941474
27 690 0.06252917129271683
27 696 0.036259047920493795
27 747 0.036112346099705706
27 757 0.1113001794677659
27 760 0.05565008973388295
27 768 0.027825044866941474
27 771 0.16084099089515932
27 787 0.1268055085565713
27 788 0.01373298869454953
27 789 0.06252917129271683
27 797 0.09379375693907525
27 801 0.09379375693907525
27 807 0.18056173049852856
27 814 0.09379375693907525
27 815 0.036112346099705706
27 828 0.12578564884659998
27 840 0.5008508076049466
27 841 0.07222469219941141
27 851 0.07222469219941141
27 861 0.036112346099705706
27 868 0.06252917129271683
27 883 0.14444938439882282
27 903 0.036112346099705706
27 913 0.031264585646358416
27 934 0.031264585646358416
27 961 0.025157129769319997
27 993 0.06252917129271683
27 1015 0.05565008973388295
27 1056 0.21667407659823426
27 1091 0.031264585646358416
27 1123 0.04439964733246994
27 1124 0.025157129769319997
27 1125 0.1331989419974098
27 1126 0.1331989419974098
27 1127 0.1331989419974098
27 1128 0.04439964733246994
27 1129 0.04439964733246994
27 1130 0.04439964733246994
27 1131 0.04439964733246994
27 1132 0.08879929466493988
27 1133 0.036112346099705706
27 1134 0.04439964733246994
27 1135 0.04439964733246994
27 1136 0.07222469219941141
27 1137 0.04439964733246994
27 1138 0.04439964733246994
27 1139 0.3250111148973514
27 1140 0.04439964733246994
27 1141 0.04439964733246994
27 1142 0.04439964733246994
27 1143 0.04439964733246994
27 1144 0.04439964733246994
27 1145 0.04439964733246994
27 1146 0.036112346099705706
27 1147 0.036112346099705706
27 1148 0.39723580709676276
27 1149 0.025157129769319997
27 1150 0.07222469219941141
27 1151 0.04439964733246994
27 1152 0.04439964733246994
28 13 0.035776244134531184
28 84 0.030890931702867313
28 112 0.026899340806692953
28 139 0.035776244134531184
28 204 0.10190282121141188
28 315 0.43156885135038325
28 466 0.10732873240359356
28 507 0.04606609817404208
28 525 0.11449934749808494
28 565 0.04207450727786771
28 771 0.12622352183360314
28 786 0.13819829452212623
28 787 0.11609899578647842
28 788 0.05029390961743476
28 795 0.05724967374904247
28 828 0.09213219634808416
28 840 0.20380564242282376
28 862 0.05724967374904247
28 868 0.17174902124712738
28 961 0.04606609817404208
28 1080 0.0661265770768807
28 1124 0.13819829452212623
28 1133 0.0661265770768807
28 1136 0.1983797312306421
28 1139 0.1983797312306421
28 1146 0.1322531541537614
28 1147 0.0661265770768807
28 1148 0.33063288538440355
28 1149 0.13819829452212623
28 1153 0.0661265770768807
28 1154 0.08130174354805546
28 1155 0.08130174354805546
28 1156 0.16260348709611092
28 1157 0.08130174354805546
28 1158 0.32520697419222183
28 1159 0.08130174354805546
28 1160 0.08130174354805546
28 1161 0.08130174354805546
28 1162 0.08130174354805546
28 1163 0.08130174354805546
28 1164 0.08130174354805546
28 1165 0.16260348709611092
28 1166 0.08130174354805546
28 1167 0.08130174354805546
28 1168 0.16260348709611092
28 1169 0.16260348709611092
28 1170 0.24390523064416636
28 1171 0.16260348709611092
29 6 0.026744257925316022
29 23 0.08020503184494125
29 34 0.04644461403273446
29 40 0.07432135667387856
29 50 0.05462100056646012
29 71 0.028578546348777833
29 98 0.0305394345631226
29 127 0.021859997621650612
29 148 0.08020503184494125
29 195 0.11960574405977817
29 205 0.059802872029889084
29 208 0.06529140430715029
29 212 0.13228994028030583
29 226 0.06614497014015291
29 228 0.04679334977069775
29 289 0.043097030992767314
29 371 0.05462100056646012
29 393 0.26457988056061166
29 395 0.08584532624757135
29 445 0.06614497014015291
29 577 0.1486427133477571
29 604 0.08584532624757135
29 608 0.07432135667387856
29 674 0.06614497014015291
29 746 0.22296407002163565
29 751 0.08584532624757135
29 752 0.08584532624757135
29 769 0.05462100056646012
29 771 0.05462100056646012
29 774 0.08584532624757135
29 1172 0.08584532624757135
29 1173 0.1055456823549898
29 1174 0.1055456823549898
29 1175 0.1055456823549898
29 1176 0.1055456823549898
29 1177 0.1055456823549898
29 1178 0.1055456823549898
29 1179 0.1055456823549898
29 1180 0.4221827294199592
29 1181 0.1055456823549898
29 1182 0.1055456823549898
29 1183 0.1055456823549898
29 1184 0.1716906524951427
29 1185 0.1055456823549898
29 1186 0.1055456823549898
29 1187 0.1055456823549898
29 1188 0.1055456823549898
29 1189 0.1055456823549898
29 1190 0.1055456823549898
29 1191 0.1055456823549898
29 1192 0.1055456823549898
29 1193 0.1055456823549898
29 1194 0.1055456823549898
29 1195 0.1055456823549898
29 1196 0.1055456823549898
29 1197 0.2110913647099796
29 1198 0.1055456823549898
29 1199 0.1055456823549898
29 1200 0.1055456823549898
29 1201 0.1055456823549898
29 1202 0.1055456823549898
29 1203 0.1055456823549898
29 1204 0.1055456823549898
29 1205 0.1716906524951427
29 1206 0.1055456823549898
29 1207 0.1055456823549898
29 1208 0.2110913647099796
29 1209 0.2110913647099796
30 26 0.0484458397986483
30 34 0.044786180453957596
30 37 0.044786180453957596
30 71 0.027558070199185124
30 90 0.02944893946888746
30 112 0.06734741226222027
30 131 0.0716675067906318
30 159 0.03867054452203258
30 161 0.06378308078371843
30 220 0.08277998111347927
30 238 0.08277998111347927
30 296 0.06378308078371843
30 315 0.041558132138023514
30 344 0.17300233455538025
30 348 0.0716675067906318
30 373 0.16555996222695854
30 393 0.06378308078371843
30 414 0.08277998111347927
30 425 0.044786180453957596
30 454 0.2483399433404378
30 457 0.08277998111347927
30 466 0.08957236090791519
30 487 0.2483399433404378
30 556 0.06378308078371843
30 635 0.08277998111347927
30 689 0.06378308078371843
30 748 0.0716675067906318
30 768 0.06378308078371843
30 969 0.0716675067906318
30 996 0.05766744485179342
30 1149 0.11533488970358684
30 1210 0.1017768814432401
30 1211 0.2035537628864802
30 1212 0.1017768814432401
30 1213 0.1017768814432401
30 1214 0.1017768814432401
30 1215 0.1017768814432401
30 1216 0.1017768814432401
30 1217 0.1017768814432401
30 1218 0.3053306443297203
30 1219 0.1017768814432401
30 1220 0.1017768814432401
30 1221 0.1017768814432401
30 1222 0.1017768814432401
30 1223 0.1017768814432401
30 1224 0.2035537628864802
30 1225 0.1017768814432401
30 1226 0.2150025203718954
30 1227 0.1017768814432401
30 1228 0.1017768814432401
30 1229 0.1017768814432401
30 1230 0.1017768814432401
30 1231 0.1017768814432401
30 1232 0.1017768814432401
30 1233 0.16555996222695854
30 1234 0.1017768814432401
30 1235 0.1017768814432401
30 1236 0.1017768814432401
30 1237 0.1017768814432401
30 1238 0.1017768814432401
30 1239 0.1017768814432401
30 1240 0.1017768814432401
30 1241 0.1017768814432401
30 1242 0.1017768814432401
30 1243 0.1017768814432401
30 1244 0.1017768814432401
30 1245 0.1017768814432401
30 1246 0.08277998111347927
30 1247 0.1017768814432401
30 1248 0.3311199244539171
31 6 0.0445465680096453
31 13 0.07736046232684861
31 97 0.1335934956869522
31 100 0.04184094877758989
31 101 0.03589228064383497
31 102 0.12379335328306423
31 114 0.08368189755517978
31 126 0.045489729482930466
31 127 0.036411100785180485
31 132 0.038680231163424304
31 168 0.09097945896586093
31 208 0.05437630744019513
31 219 0.06189667664153212
31 228 0.01948533348523332
31 253 0.2988319264820382
31 285 0.06189667664153212
31 297 0.12379335328306423
31 315 0.14356912257533988
31 319 0.04980532108033971
31 349 0.12379335328306423
31 362 0.05508717832202596
31 366 0.18569002992459635
31 559 0.14298825096125523
31 562 0.11017435664405192
31 564 0.14298825096125523
31 577 0.12379335328306423
31 581 0.11017435664405192
31 583 0.21448237644188284
31 588 0.12379335328306423
31 606 0.18569002992459635
31 624 0.05508717832202596
31 638 0.14298825096125523
31 757 0.2754358916101298
31 786 0.04980532108033971
31 827 0.04980532108033971
31 1150 0.07149412548062761
31 1172 0.3574706274031381
31 1184 0.07149412548062761
31 1249 0.08790107263922926
31 1250 0.17580214527845853
31 1251 0.08790107263922926
31 1252 0.18569002992459635
31 1253 0.08790107263922926
31 1254 0.08790107263922926
31 1255 0.08790107263922926
31 1256 0.08790107263922926
31 1257 0.08790107263922926
31 1258 0.17580214527845853
31 1259 0.17580214527845853
31 1260 0.08790107263922926
31 1261 0.08790107263922926
31 1262 0.35160429055691705
31 1263 0.07149412548062761
32 6 0.16554217394308013
32 25 0.05403813610557325
32 26 0.03887191499793859
32 50 0.04226177821968477
32 57 0.08452355643936954
32 81 0.057504488386582904
32 84 0.031028425264833404
32 118 0.03887191499793859
32 129 0.02525888229677466
32 148 0.06205685052966681
32 183 0.1267853346590543
32 190 0.0511781920766813
32 193 0.0511781920766813
32 208 0.02525888229677466
32 218 0.0925422708634631
32 228 0.0181026541957901
32 247 0.0511781920766813
32 305 0.06642090224357944
32 371 0.1267853346590543
32 448 0.03593548190978316
32 455 0.06642090224357944
32 510 0.04226177821968477
32 529 0.11500897677316581
32 548 0.11500897677316581
32 591 0.0511781920766813
32 654 0.0511781920766813
32 679 0.06642090224357944
32 681 0.2558909603834065
32 690 0.2875224419329145
32 696 0.1000360930880647
32 699 0.5089824897490471
32 750 0.1023563841533626
32 787 0.03887191499793859
32 788 0.15155329378064797
32 800 0.057504488386582904
32 805 0.04627113543173155
32 827 0.04627113543173155
32 828 0.04627113543173155
32 864 0.1850845417269262
32 867 0.057504488386582904
32 947 0.07774382999587719
32 961 0.04627113543173155
32 986 0.08452355643936954
32 1072 0.06642090224357944
32 1077 0.06642090224357944
32 1079 0.04627113543173155
32 1092 0.057504488386582904
32 1095 0.06642090224357944
32 1098 0.1267853346590543
32 1108 0.06642090224357944
32 1113 0.2047127683067252
32 1119 0.06642090224357944
32 1252 0.057504488386582904
32 1264 0.16332722482095516
32 1265 0.06642090224357944
32 1266 0.08166361241047758
32 1267 0.11500897677316581
32 1268 0.08166361241047758
32 1269 0.08166361241047758
32 1270 0.08166361241047758
32 1271 0.13284180448715888
32 1272 0.08166361241047758
32 1273 0.16332722482095516
32 1274 0.19926270673073831
32 1275 0.23001795354633162
32 1276 0.11500897677316581
32 1277 0.08166361241047758
32 1278 0.08166361241047758
32 1279 0.08166361241047758
33 6 0.13800611441184643
33 57 0.14092804658320596
33 183 0.14092804658320596
33 295 0.17066112551003307
33 315 0.16679245148456825
33 371 0.14092804658320596
33 448 0.05991604567898907
33 548 0.19175708073526088
33 681 0.34132225102006614
33 696 0.11119496765637885
33 699 0.46289349414149206
33 788 0.12634412550469323
33 864 0.15429783138049735
33 947 0.12962405460393747
33 986 0.14092804658320596
33 1098 0.14092804658320596
33 1101 0.19175708073526088
33 1102 0.19175708073526088
33 1113 0.17066112551003307
33 1267 0.19175708073526088
33 1271 0.221490159662088
33 1274 0.221490159662088
33 1275 0.38351416147052175
34 25 0.06071286043871079
34 43 0.043673326290243245
34 47 0.10397297872447046
34 75 0.12921474460900215
34 86 0.16253102852715573
34 95 0.08734665258048649
34 98 0.07964356574301118
34 107 0.12921474460900215
34 127 0.057008526275215486
34 145 0.03486101831966238
34 150 0.19382211691350323
34 151 0.06460737230450107
34 152 0.08734665258048649
34 174 0.09496380252385649
34 200 0.07462513067159224
34 299 0.05198648936223523
34 324 0.07492828578967416
34 359 0.08074837717289311
34 528 0.5174969366611746
34 654 0.22999863851607757
34 670 0.14925026134318448
34 687 0.03746414289483708
34 688 0.14925026134318448
34 691 0.12921474460900215
34 697 0.06460737230450107
34 716 0.14925026134318448
34 717 0.12921474460900215
34 802 0.19382211691350323
34 925 0.07462513067159224
34 936 0.07462513067159224
34 985 0.2584294892180043
34 1073 0.06460737230450107
34 1280 0.14925026134318448
34 1281 0.09175060171416509
34 1282 0.09175060171416509
34 1283 0.09175060171416509
34 1284 0.09175060171416509
34 1285 0.09175060171416509
34 1286 0.09175060171416509
34 1287 0.09175060171416509
34 1288 0.18350120342833018
34 1289 0.09175060171416509
34 1290 0.2752518051424952
34 1291 0.09175060171416509
34 1292 0.09175060171416509
34 1293 0.09175060171416509
34 1294 0.07462513067159224
34 1295 0.09175060171416509
34 1296 0.09175060171416509
34 1297 0.09175060171416509
34 1298 0.09175060171416509
34 1299 0.09175060171416509
34 1300 0.09175060171416509
35 10 0.05952540110030819
35 13 0.041796591235729756
35 15 0.09830942429422898
35 19 0.06688352201169291
35 23 0.03608918925140574
35 30 0.13376704402338582
35 32 0.06688352201169291
35 37 0.041796591235729756
35 46 0.09042391838783477
35 48 0.06688352201169291
35 108 0.05952540110030819
35 127 0.019672321625112274
35 228 0.06316563998802703
35 296 0.05952540110030819
35 312 0.07725421096488663
35 341 0.04915471214711449
35 425 0.041796591235729756
35 466 0.08359318247145951
35 531 0.06688352201169291
35 685 0.07725421096488663
35 689 0.11905080220061638
35 708 0.06688352201169291
35 734 0.17857620330092458
35 743 0.11905080220061638
35 779 0.07725421096488663
35 975 0.05952540110030819
35 985 0.06688352201169291
35 988 0.14746413644134346
35 1002 0.07725421096488663
35 1058 0.07725421096488663
35 1112 0.07725421096488663
35 1226 0.06688352201169291
35 1267 0.26753408804677165
35 1275 0.13376704402338582
35 1301 0.09498302082946507
35 1302 0.09498302082946507
35 1303 0.09498302082946507
35 1304 0.07725421096488663
35 1305 0.15450842192977327
35 1306 0.18996604165893013
35 1307 0.09498302082946507
35 1308 0.09498302082946507
35 1309 0.09498302082946507
35 1310 0.18996604165893013
35 1311 0.18996604165893013
35 1312 0.09498302082946507
35 1313 0.09498302082946507
35 1314 0.09498302082946507
35 1315 0.07725421096488663
35 1316 0.09498302082946507
35 1317 0.13376704402338582
35 1318 0.09498302082946507
35 1319 0.09498302082946507
35 1320 0.09498302082946507
35 1321 0.09498302082946507
35 1322 0.18996604165893013
35 1323 0.07725421096488663
35 1324 0.18996604165893013
35 1325 0.09498302082946507
35 1326 0.09498302082946507
35 1327 0.09498302082946507
35 1328 0.09498302082946507
35 1329 0.09498302082946507
35 1330 0.09498302082946507
35 1331 0.09498302082946507
35 1332 0.18996604165893013
35 1333 0.09498302082946507
35 1334 0.2849490624883952
35 1335 0.2849490624883952
35 1336 0.09498302082946507
35 1337 0.18996604165893013
35 1338 0.09498302082946507
36 7 0.02357373280411377
36 10 0.15317413777230862
36 13 0.035851119611755064
36 23 0.030955582794928427
36 25 0.05391127593560348
36 34 0.035851119611755064
36 37 0.035851119611755064
36 39 0.408464367392823
36 40 0.1147389811849947
36 52 0.030955582794928427
36 71 0.022060101150975103
36 108 0.10211609184820575
36 127 0.08436988935833514
36 228 0.018060156323848414
36 273 0.1147389811849947
36 293 0.05736949059249735
36 314 0.03878065911646158
36 385 0.13252994447290137
36 401 0.05736949059249735
36 411 0.05736949059249735
36 420 0.06626497223645068
36 423 0.06626497223645068
36 425 0.035851119611755064
36 429 0.19879491670935207
36 441 0.06626497223645068
36 609 0.05736949059249735
36 741 0.13252994447290137
36 764 0.051058045924102874
36 826 0.06626497223645068
36 996 0.09232501821455248
36 1023 0.06626497223645068
36 1079 0.04616250910727624
36 1124 0.04616250910727624
36 1233 0.06626497223645068
36 1246 0.06626497223645068
36 1248 0.06626497223645068
36 1294 0.19879491670935207
36 1304 0.06626497223645068
36 1323 0.06626497223645068
36 1339 0.06626497223645068
36 1340 0.24441569564639545
36 1341 0.0814718985487985
36 1342 0.0814718985487985
36 1343 0.0814718985487985
36 1344 0.0814718985487985
36 1345 0.162943797097597
36 1346 0.162943797097597
36 1347 0.0814718985487985
36 1348 0.0814718985487985
36 1349 0.24441569564639545
36 1350 0.0814718985487985
36 1351 0.0814718985487985
36 1352 0.0814718985487985
36 1353 0.0814718985487985
36 1354 0.0814718985487985
36 1355 0.0814718985487985
36 1356 0.0814718985487985
36 1357 0.0814718985487985
36 1358 0.0814718985487985
36 1359 0.0814718985487985
36 1360 0.0814718985487985
36 1361 0.162943797097597
36 1362 0.0814718985487985
36 1363 0.40735949274399247
36 1364 0.0814718985487985
36 1365 0.0814718985487985
36 1366 0.0814718985487985
36 1367 0.0814718985487985
36 1368 0.0814718985487985
36 1369 0.0814718985487985
36 1370 0.0814718985487985
36 1371 0.0814718985487985
36 1372 0.0814718985487985
36 1373 0.06626497223645068
36 1374 0.0814718985487985
36 1375 0.0814718985487985
37 6 0.014507883205871602
37 7 0.016566642120054476
37 21 0.09313655069044079
37 26 0.02725343949983741
37 30 0.04031689962524227
37 57 0.059260204490918685
37 80 0.08889030673637803
37 82 0.04031689962524227
37 85 0.04656827534522039
37 90 0.016566642120054476
37 96 0.04031689962524227
37 98 0.016566642120054476
37 102 0.5241196951281495
37 114 0.05450687899967482
37 124 0.025194680585654532
37 126 0.059260204490918685
37 127 0.13044165315309256
37 129 0.017709223241128412
37 145 0.021754300264733756
37 148 0.021754300264733756
37 157 0.2870518237234997
37 163 0.04656827534522039
37 224 0.03588147796543746
37 228 0.025383858291396576
37 242 0.03244109764451669
37 276 0.059260204490918685
37 341 0.029630102245459342
37 359 0.025194680585654532
37 362 0.03588147796543746
37 407 0.03588147796543746
37 410 0.04656827534522039
37 417 0.03588147796543746
37 480 0.04656827534522039
37 482 0.03244109764451669
37 494 0.04656827534522039
37 565 0.029630102245459342
37 581 0.03588147796543746
37 623 0.04656827534522039
37 624 0.03588147796543746
37 632 0.04031689962524227
37 644 0.08063379925048454
37 687 0.023378726525481217
37 699 0.03244109764451669
37 750 0.03588147796543746
37 772 0.04656827534522039
37 792 0.04656827534522039
37 800 0.04031689962524227
37 863 0.09313655069044079
37 864 0.03244109764451669
37 885 0.04656827534522039
37 904 0.04656827534522039
37 947 0.02725343949983741
37 1000 0.04656827534522039
37 1015 0.03588147796543746
37 1098 0.029630102245459342
37 1102 0.36285209662718043
37 1113 0.03588147796543746
37 1124 0.09732329293355006
37 1263 0.04656827534522039
37 1276 0.1209506988757268
37 1305 0.04656827534522039
37 1376 0.057255072725003325
37 1377 0.057255072725003325
37 1378 0.057255072725003325
37 1379 0.057255072725003325
37 1380 0.057255072725003325
37 1381 0.17176521817500995
37 1382 0.057255072725003325
37 1383 0.057255072725003325
37 1384 0.057255072725003325
37 1385 0.11451014545000665
37 1386 0.057255072725003325
37 1387 0.057255072725003325
37 1388 0.057255072725003325
37 1389 0.057255072725003325
37 1390 0.057255072725003325
37 1391 0.057255072725003325
37 1392 0.057255072725003325
37 1393 0.11451014545000665
37 1394 0.057255072725003325
37 1395 0.057255072725003325
37 1396 0.057255072725003325
37 1397 0.057255072725003325
37 1398 0.11451014545000665
37 1399 0.057255072725003325
37 1400 0.057255072725003325
37 1401 0.11451014545000665
37 1402 0.057255072725003325
37 1403 0.057255072725003325
37 1404 0.057255072725003325
37 1405 0.2290202909000133
37 1406 0.057255072725003325
37 1407 0.11451014545000665
37 1408 0.057255072725003325
37 1409 0.057255072725003325
37 1410 0.057255072725003325
37 1411 0.057255072725003325
37 1412 0.057255072725003325
37 1413 0.057255072725003325
37 1414 0.057255072725003325
37 1415 0.057255072725003325
37 1416 0.057255072725003325
37 1417 0.057255072725003325
37 1418 0.057255072725003325
37 1419 0.057255072725003325
37 1420 0.057255072725003325
37 1421 0.057255072725003325
37 1422 0.17176521817500995
37 1423 0.057255072725003325
37 1424 0.057255072725003325
37 1425 0.057255072725003325
37 1426 0.057255072725003325
37 1427 0.057255072725003325
37 1428 0.11451014545000665
37 1429 0.057255072725003325
37 1430 0.057255072725003325
37 1431 0.11451014545000665
37 1432 0.057255072725003325
37 1433 0.057255072725003325
37 1434 0.057255072725003325
38 6 0.08872612221807728
38 19 0.14089530746214118
38 25 0.033100545778667556
38 37 0.06603581191490683
38 43 0.04762124287114477
38 48 0.14089530746214118
38 52 0.038012332953603
38 59 0.04085077092359875
38 60 0.10567148059660589
38 75 0.035223826865535296
38 98 0.043421533342414866
38 114 0.023810621435572384
38 118 0.023810621435572384
38 127 0.010360316414631072
38 131 0.035223826865535296
38 152 0.11905310717786192
38 180 0.15532229926460725
38 195 0.028342943464902265
38 228 0.022177216947397226
38 274 0.05177409975486908
38 280 0.14089530746214118
38 289 0.020425385461799374
38 294 0.040685491281170466
38 298 0.12205647384351141
38 307 0.040685491281170466
38 326 0.07044765373107059
38 434 0.24411294768702282
38 482 0.14171471732451132
38 502 0.10567148059660589
38 510 0.02588704987743454
38 527 0.035223826865535296
38 529 0.07044765373107059
38 537 0.035223826865535296
38 565 0.05177409975486908
38 584 0.03134871429306971
38 591 0.03134871429306971
38 609 0.10567148059660589
38 637 0.07044765373107059
38 654 0.03134871429306971
38 660 0.08137098256234093
38 687 0.04085077092359875
38 748 0.035223826865535296
38 754 0.035223826865535296
38 769 0.05177409975486908
38 786 0.05668588692980453
38 787 0.023810621435572384
38 788 0.10830461504154187
38 840 0.03134871429306971
38 853 0.040685491281170466
38 888 0.040685491281170466
38 913 0.07044765373107059
38 947 0.11905310717786192
38 967 0.035223826865535296
38 975 0.06269742858613941
38 986 0.1294352493871727
38 987 0.07044765373107059
38 988 0.10354819950973816
38 1079 0.028342943464902265
38 1149 0.11337177385960906
38 1205 0.040685491281170466
38 1317 0.14089530746214118
38 1339 0.12205647384351141
38 1435 0.05002226826927123
38 1436 0.10004453653854246
38 1437 0.05002226826927123
38 1438 0.12205647384351141
38 1439 0.20008907307708493
38 1440 0.05002226826927123
38 1441 0.25011134134635615
38 1442 0.12205647384351141
38 1443 0.05002226826927123
38 1444 0.25011134134635615
38 1445 0.05002226826927123
38 1446 0.24411294768702282
38 1447 0.08137098256234093
38 1448 0.05002226826927123
38 1449 0.05002226826927123
38 1450 0.05002226826927123
38 1451 0.05002226826927123
38 1452 0.10004453653854246
38 1453 0.05002226826927123
38 1454 0.10004453653854246
38 1455 0.05002226826927123
38 1456 0.05002226826927123
38 1457 0.05002226826927123
38 1458 0.05002226826927123
38 1459 0.05002226826927123
38 1460 0.12205647384351141
38 1461 0.10004453653854246
38 1462 0.20342745640585236
38 1463 0.05002226826927123
38 1464 0.05002226826927123
38 1465 0.10004453653854246
38 1466 0.05002226826927123
38 1467 0.05002226826927123
38 1468 0.10004453653854246
38 1469 0.10004453653854246
38 1470 0.05002226826927123
38 1471 0.05002226826927123
38 1472 0.12205647384351141
38 1473 0.05002226826927123
38 1474 0.10004453653854246
38 1475 0.05002226826927123
38 1476 0.10004453653854246
38 1477 0.05002226826927123
38 1478 0.10004453653854246
38 1479 0.05002226826927123
38 1480 0.05002226826927123
38 1481 0.10004453653854246
38 1482 0.05002226826927123
38 1483 0.05002226826927123
38 1484 0.05002226826927123
38 1485 0.05002226826927123
38 1486 0.15006680480781368
38 1487 0.15006680480781368
38 1488 0.08137098256234093
38 1489 0.040685491281170466
38 1490 0.05002226826927123
38 1491 0.05002226826927123
38 1492 0.05002226826927123
39 59 0.08906950629276594
39 117 0.08870913668850892
39 224 0.06835157432448069
39 274 0.11288632747086366
39 280 0.07680072609946006
39 315 0.04453475314638297
39 352 0.06179790305607841
39 390 0.15360145219892013
39 407 0.06835157432448069
39 543 0.17741827337701785
39 788 0.06746953343230558
39 872 0.17741827337701785
39 947 0.10383159229757569
39 986 0.11288632747086366
39 988 0.11288632747086366
39 1079 0.12359580611215681
39 1101 0.15360145219892013
39 1315 0.17741827337701785
39 1317 0.15360145219892013
39 1438 0.17741827337701785
39 1446 0.17741827337701785
39 1447 0.5322548201310535
39 1462 0.3548365467540357
39 1472 0.17741827337701785
39 1488 0.17741827337701785
39 1489 0.17741827337701785
39 1493 0.08870913668850892
39 1494 0.21813339810507434
39 1495 0.21813339810507434
39 1496 0.21813339810507434
39 1497 0.10906669905253717
40 6 0.03627590411993182
40 8 0.03881352566467926
40 13 0.08399661565951173
40 20 0.03360315594090921
40 46 0.02271507943199558
40 52 0.01813168053536354
40 71 0.012921310811593489
40 76 0.024695970066008547
40 80 0.024695970066008547
40 86 0.016906911090869052
40 88 0.019485600342238493
40 118 0.04543015886399116
40 127 0.09883631594233326
40 148 0.07252672214145416
40 150 0.10080946782272761
40 151 0.13441262376363683
40 154 0.03881352566467926
40 179 0.03881352566467926
40 183 0.024695970066008547
40 204 0.029906339789778597
40 208 0.014760207151232196
40 289 0.11691360205343096
40 324 0.019485600342238493
40 341 0.024695970066008547
40 352 0.027038866410264203
40 427 0.11644057699403777
40 448 0.020999153914877933
40 510 0.049391940132017094
40 664 0.03881352566467926
40 674 0.029906339789778597
40 687 0.019485600342238493
40 696 0.019485600342238493
40 701 0.024695970066008547
40 754 0.13441262376363683
40 764 0.029906339789778597
40 765 0.10080946782272761
40 788 0.014760207151232196
40 816 0.054077732820528406
40 827 0.027038866410264203
40 864 0.21631093128211362
40 988 0.19756776052806838
40 1031 0.07762705132935852
40 1073 0.23522209158636442
40 1098 0.049391940132017094
40 1124 0.027038866410264203
40 1149 0.027038866410264203
40 1153 0.03881352566467926
40 1252 0.20161893564545522
40 1265 0.03881352566467926
40 1276 0.43684102723181967
40 1280 0.07762705132935852
40 1442 0.07762705132935852
40 1460 0.07762705132935852
40 1493 0.03881352566467926
40 1498 0.04772071153957992
40 1499 0.23860355769789962
40 1500 0.19088284615831969
40 1501 0.09544142307915984
40 1502 0.04772071153957992
40 1503 0.04772071153957992
40 1504 0.14316213461873975
40 1505 0.04772071153957992
40 1506 0.04772071153957992
40 1507 0.04772071153957992
40 1508 0.04772071153957992
40 1509 0.04772071153957992
40 1510 0.3340449807770594
40 1511 0.04772071153957992
40 1512 0.14316213461873975
40 1513 0.04772071153957992
40 1514 0.3340449807770594
40 1515 0.09544142307915984
40 1516 0.04772071153957992
40 1517 0.04772071153957992
40 1518 0.04772071153957992
40 1519 0.09544142307915984
40 1520 0.09544142307915984
40 1521 0.04772071153957992
40 1522 0.04772071153957992
40 1523 0.14316213461873975
40 1524 0.09544142307915984
40 1525 0.04772071153957992
40 1526 0.04772071153957992
41 20 0.17572182864443214
41 67 0.15638997495243737
41 101 0.10189654002718877
41 221 0.20296854610705647
41 242 0.14139502427805542
41 344 0.14139502427805542
41 405 0.20296854610705647
41 417 0.15638997495243737
41 445 0.15638997495243737
41 483 0.20296854610705647
41 942 0.20296854610705647
41 996 0.28279004855611084
41 1226 0.3514436572888643
41 1373 0.20296854610705647
41 1527 0.24954711726167556
41 1528 0.24954711726167556
41 1529 0.24954711726167556
41 1530 0.24954711726167556
41 1531 0.24954711726167556
41 1532 0.24954711726167556
41 1533 0.24954711726167556
