%%MatrixMarket matrix coordinate real general
58 57 3306                                        
1 1 0.03459576381388795
1 2 -0.015867621222217774
1 3 0.009530139149936022
1 4 -0.01572941125031311
1 5 0.00168209514944179
1 6 -0.08709343803212687
1 7 0.039880301713160676
1 8 -0.000770590600817124
1 9 0.08907561447289207
1 10 -0.04213965038734134
1 11 0.0426607743015134
1 12 0.03688682742685041
1 13 -0.055494020403614175
1 14 0.10125243362553137
1 15 -0.035858997387541384
1 16 -0.07117299655711572
1 17 -0.12014954420237133
1 18 -0.0983105292919116
1 19 0.13225483932721882
1 20 0.15056785350300483
1 21 0.23669321093099557
1 22 -0.2740904792380288
1 23 -0.49023392979188696
1 24 -0.049433309551781233
1 25 -0.10602202883409928
1 26 0.42029683156535974
1 27 0.47370751487553403
1 28 0.0070279202713497725
1 29 0.12157756074093058
1 30 -0.18443466669916603
1 31 -0.1670157419979509
1 32 -0.06573019895602411
1 33 0.11274440420497078
1 34 0.026674917214321858
1 35 0.04505677088422752
1 36 0.03445416447346273
1 37 0.053056150612506625
1 38 -0.0387196356979805
1 39 -0.004050733662433597
1 40 -0.043293358908735535
1 41 0.018897332001884676
1 42 0.024159531351534203
1 43 0.009028546523807732
1 44 0.0031845682474270407
1 45 -0.023982235310442926
1 46 -0.013536075664762528
1 47 0.007150930664151219
1 48 0.008438087289328112
1 49 0.00047830599618029537
1 50 -0.005449204339739402
1 51 -0.008995916956318137
1 52 0.006169512705812639
1 53 -0.0029024841294958137
1 54 0.00015751387539168814
1 55 -0.0006006295459648713
1 56 0.002977453866961171
1 57 -0.00011387260429005208
2 1 0.14483978074882026
2 2 -0.02947153659618284
2 3 -0.004878337612869793
2 4 -0.06316390528292631
2 5 0.16005627569375497
2 6 -0.2805159469364374
2 7 0.14057260178611927
2 8 0.10045247217112016
2 9 0.20461562900901975
2 10 -0.17728095986760375
2 11 0.16678786512011884
2 12 0.03293190946546649
2 13 0.23105180954556143
2 14 -0.26248512123595935
2 15 0.03542861699373918
2 16 0.2435296101171113
2 17 0.05031187449862309
2 18 -0.15649441856136542
2 19 0.13915363269090694
2 20 0.0673049009343382
2 21 -0.030283106152507674
2 22 0.2152086524904385
2 23 -0.07389113896084828
2 24 0.02922704525621362
2 25 0.09009248362918278
2 26 -0.05696043477020267
2 27 -0.023659917934442658
2 28 -0.044005377289434204
2 29 -0.10680698324680644
2 30 -0.0845165259701787
2 31 -0.09893672660219847
2 32 -0.01472517613061913
2 33 0.09432114635693493
2 34 -0.12385724628843228
2 35 0.0955813584501806
2 36 0.06537596482162679
2 37 0.31238545171880877
2 38 -0.15602789398508907
2 39 -0.20050203152036147
2 40 0.2248184398240224
2 41 -0.18950190595482705
2 42 -0.2923279908901205
2 43 0.11300584489438124
2 44 -0.06352388201754212
2 45 -0.09363863487203851
2 46 0.03301954206061356
2 47 -0.0096583673680004
2 48 -0.020142882827282733
2 49 -0.07993383368062751
2 50 -0.02180078877464925
2 51 -0.0433876717086997
2 52 0.017857580206237098
2 53 0.005269015239125103
2 54 -0.0031925725910100203
2 55 0.006268972366935086
2 56 0.008014521299913275
2 57 -0.001975199361174424
3 1 0.07785840091169671
3 2 -0.034250303807394356
3 3 0.003055300671020064
3 4 0.0054987549051920635
3 5 0.07078404794427293
3 6 -0.1175847378767104
3 7 0.01175372774475395
3 8 0.06230714076577827
3 9 0.13032312133122861
3 10 -0.15963279626859958
3 11 0.08508638100215635
3 12 0.01896575874450168
3 13 0.09994229772256288
3 14 -0.17243625693329132
3 15 -0.00687289698483215
3 16 0.26869784684686665
3 17 0.02655543560154553
3 18 -0.08349843344685894
3 19 0.29972044724967445
3 20 0.06641693000944607
3 21 0.2823008705080241
3 22 -0.3437240056790068
3 23 0.001407860712428489
3 24 0.09572200724021858
3 25 0.14263625832080026
3 26 -0.34637019711707534
3 27 0.02040728459738396
3 28 -0.2694564990964501
3 29 0.05241718160964192
3 30 0.21107010628961073
3 31 -0.15626788782327758
3 32 -0.12418624861057652
3 33 -0.06987488910725154
3 34 0.1865496742296273
3 35 -0.28246905224223817
3 36 -0.12221355636500851
3 37 -0.16973128969980936
3 38 0.12473873036098687
3 39 0.10867659284579331
3 40 -0.02300180365572347
3 41 0.039900705998943686
3 42 0.010499241586525418
3 43 0.0015731340082055841
3 44 -0.0331425614455068
3 45 0.01028077224325315
3 46 -0.04062265731438658
3 47 -0.009753404845365967
3 48 -0.0073445839400767855
3 49 0.036736725625461895
3 50 0.019005954805561845
3 51 0.009720725898212572
3 52 0.0034309657205062205
3 53 -0.001260538636945593
3 54 -0.02666232707927255
3 55 0.005918332115192918
3 56 0.0004634640630710248
3 57 -0.0062045740506135
4 1 0.12494297131190628
4 2 -0.014499054110591167
4 3 -0.06366663110433399
4 4 0.01606700119743159
4 5 0.18291340900210648
4 6 -0.14084505956341006
4 7 0.060784443960956565
4 8 0.08083814318945018
4 9 0.053794521776859866
4 10 -0.02237664639048785
4 11 -0.004324946822477351
4 12 0.08682375059538555
4 13 0.1235920630759068
4 14 -0.07101773823474335
4 15 -0.04177208388762571
4 16 0.07386907162028714
4 17 0.09318523354889054
4 18 -0.06028792561274639
4 19 0.2516276100206824
4 20 0.00573909435814195
4 21 0.11698000752052555
4 22 -0.36046214975786556
4 23 0.38531357551989165
4 24 -0.1622173095049555
4 25 -0.1731969606515473
4 26 0.1870013928012157
4 27 0.040001240219876937
4 28 0.25010665868792215
4 29 0.1248400980565551
4 30 0.1726783779958879
4 31 0.22022383067677767
4 32 0.3205304070509163
4 33 -0.18628416307260076
4 34 -0.07870208135839811
4 35 0.20177056724838982
4 36 0.23394899774560526
4 37 -0.010956784520313631
4 38 0.08958697430458351
4 39 -0.004434469992568782
4 40 -0.05191669566505098
4 41 -0.022725618128027175
4 42 -0.07448546429626075
4 43 0.01583413881061189
4 44 0.00581056809067541
4 45 0.012351787227155884
4 46 0.010780650280283703
4 47 -0.008300732409461225
4 48 -0.0246031168946739
4 49 -0.029337917995749346
4 50 -0.0459414643017013
4 51 -0.004277140761129008
4 52 -0.017212560260937006
4 53 0.007983009424586296
4 54 -0.0020211479233443195
4 55 0.012974707709554016
4 56 0.0020652900208507044
4 57 -0.005090338604713149
5 1 0.12422741810905098
5 2 -0.01146356845331112
5 3 -0.011264746291739403
5 4 0.0030688458078860542
5 5 0.10705776098181324
5 6 -0.151735718893616
5 7 0.11923881557702942
5 8 0.011714008188450944
5 9 0.08231618150646508
5 10 -0.15186453970391797
5 11 -0.047576021869899496
5 12 -0.09037633687488099
5 13 0.011069561548470547
5 14 0.1035872215991937
5 15 -0.10459906121731088
5 16 -0.09098465616610402
5 17 0.21991302955134176
5 18 -0.18159940518285766
5 19 0.08869029918827433
5 20 -0.49448853362296313
5 21 0.12988387007360078
5 22 -0.01160325817261941
5 23 0.07176841331410455
5 24 0.033116169359855896
5 25 0.04177620103088081
5 26 0.18277910614782356
5 27 -0.35139870574005855
5 28 0.16450061955660875
5 29 0.1119842291498037
5 30 -0.2274679302404014
5 31 -0.34695145267110444
5 32 0.05163148759668359
5 33 -0.03054525421564975
5 34 -0.03892061823193537
5 35 -0.15580210287516513
5 36 -0.09308313368994406
5 37 0.09515277409997396
5 38 -0.1083121905260249
5 39 0.060385499449671656
5 40 -0.16530214115222358
5 41 0.03021632233847011
5 42 0.11760305450156264
5 43 -0.08509828881126036
5 44 -0.03904925695979797
5 45 -0.12869308259336648
5 46 -0.04720441922725131
5 47 -0.004409762182717534
5 48 -0.0031902485268915917
5 49 -0.016325347094866955
5 50 0.062078709043401674
5 51 0.011258857947065846
5 52 0.03253725506408847
5 53 -0.003928565858487891
5 54 0.001917258699280695
5 55 -0.007469355859914264
5 56 0.01598439136331006
5 57 -0.0036165275310283095
6 1 0.09973815042396271
6 2 0.005401860159942216
6 3 -0.033367739712939604
6 4 -0.04721552246514053
6 5 0.1232059101459875
6 6 -0.15463597375089205
6 7 0.12754952212147083
6 8 0.08086868749594818
6 9 0.14062978913222732
6 10 -0.045031804241280136
6 11 0.0998876356195003
6 12 0.04358593752193859
6 13 0.22150776413669507
6 14 -0.31265830144413714
6 15 0.09696812850173259
6 16 0.13230571242398867
6 17 0.01062810459738612
6 18 -0.10748652658718408
6 19 -0.017988191741022404
6 20 0.02227972679274488
6 21 -0.33479874734766946
6 22 0.10631736634137912
6 23 -0.015949197998634874
6 24 -0.14141884305221059
6 25 -0.15284912853163707
6 26 0.2828139906107521
6 27 0.01022303061636424
6 28 0.29155659228506464
6 29 -0.2013234265321372
6 30 -0.08090173664122698
6 31 0.1281381468152881
6 32 -0.2282282898903431
6 33 -0.049590718546332464
6 34 0.30410253022036704
6 35 -0.12970201825936062
6 36 -0.21407368757392314
6 37 -0.2410614204565248
6 38 0.023981421026675713
6 39 0.14652250253441196
6 40 -0.02155491322685686
6 41 0.08686759992443131
6 42 0.0559696822488536
6 43 0.01183271231048879
6 44 0.033740214626917106
6 45 0.01828568336616352
6 46 0.06288748286172288
6 47 -0.001873815386413233
6 48 -0.010868036869199614
6 49 0.008702983468178138
6 50 -0.0404224894437641
6 51 -0.008844306777016484
6 52 -0.01644988081586714
6 53 0.007797718885553536
6 54 0.008038778997633842
6 55 -0.00347433905128057
6 56 -0.0031449249921981478
6 57 0.020373840012317426
7 1 0.18746307003884669
7 2 0.027325328148322326
7 3 -0.0643876801056529
7 4 -0.16982609704333013
7 5 0.0357087676833599
7 6 -0.010935842570097833
7 7 0.04053691708250463
7 8 0.03155256005565106
7 9 -0.007792159358086609
7 10 -0.0401714732171572
7 11 0.0056020009897260695
7 12 -0.002664272896418505
7 13 0.03230369901715032
7 14 -0.21574495042432537
7 15 -0.09111002489826062
7 16 -0.04415787915923075
7 17 -0.3557815956338338
7 18 -0.2575852179327992
7 19 -0.06684490463598138
7 20 -0.024608176215348224
7 21 -0.37815240489878604
7 22 -0.10773771482048039
7 23 -0.053668413090939865
7 24 -0.038958006801300966
7 25 0.14373467984261026
7 26 -0.21913734341560148
7 27 0.08433298535909717
7 28 0.028409403936145095
7 29 0.23915393024434833
7 30 -0.09312041983526327
7 31 -0.13774163382040042
7 32 0.4482669256951706
7 33 0.20654601496243674
7 34 -0.06282511429005842
7 35 0.07830502757531839
7 36 -0.15606150114814948
7 37 -0.07366418697630556
7 38 0.09885614221745004
7 39 -0.00035161113653408237
7 40 0.055354475229675834
7 41 0.062315928712526
7 42 0.14411719394349984
7 43 -0.10275582445596765
7 44 -0.026124994314342672
7 45 -0.007057769276887511
7 46 -0.020382192873125395
7 47 -0.03354721140052273
7 48 0.023943917080542478
7 49 -0.017374950294466382
7 50 -0.07972924525969824
7 51 -0.06106702204867325
7 52 -0.05968110622427257
7 53 0.0009608602644368212
7 54 0.006025571820587492
7 55 -0.013752090160988403
7 56 -0.023529704067540423
7 57 -5.062278160717097e-05
8 1 0.3270118210889477
8 2 0.0533536840773394
8 3 -0.33197067526472807
8 4 0.44181787210723344
8 5 0.5639188342810223
8 6 -0.1484285388905464
8 7 -0.16770073315260595
8 8 -0.052704311542115335
8 9 -0.2579215180263726
8 10 -0.04782812073722806
8 11 -0.06185272044510381
8 12 0.09277483137071207
8 13 -0.05823948620959978
8 14 0.059217376415953586
8 15 0.02530316102689641
8 16 0.007684017924928775
8 17 -0.09208875175344311
8 18 0.00078588398972631
8 19 -0.08460197192743538
8 20 -0.004763812224799477
8 21 0.02909317075449272
8 22 0.008553782259244747
8 23 -0.022803721859874573
8 24 0.008869083171685924
8 25 0.03187373126392595
8 26 -0.034472602673351165
8 27 0.014943093954440864
8 28 -0.04384123133575627
8 29 -0.027872757595451193
8 30 -0.004627511676584916
8 31 -0.00977644867061558
8 32 -0.02748913395713612
8 33 -0.024125559898371486
8 34 0.012003725922991298
8 35 0.03071030965459512
8 36 0.013988937908198258
8 37 0.0023812014229831514
8 38 -0.01079365931088211
8 39 0.007525796174449352
8 40 0.022145173993729544
8 41 0.041844403607700184
8 42 0.008912501600579797
8 43 -0.001988859109436863
8 44 -0.016002305935096738
8 45 -0.04276513404874283
8 46 0.007596649561765454
8 47 -0.0023583948851937445
8 48 0.027273284417485222
8 49 -0.016454533252369757
8 50 0.02535367500594602
8 51 0.0030868639704032287
8 52 0.006736191738511331
8 53 -0.0021800132327720223
8 54 0.011323637885028437
8 55 0.025431624700176843
8 56 0.014009521570912302
8 57 0.3043795986155444
9 1 0.3322936831154154
9 2 0.041963593162529254
9 3 -0.34217694722606157
9 4 0.4258001952954373
9 5 0.5694644279274064
9 6 -0.14814019003247178
9 7 -0.1481946654863021
9 8 -0.054286678301331735
9 9 -0.2628750398061603
9 10 -0.0451796070956423
9 11 -0.070368109846759
9 12 0.09973490056771032
9 13 -0.05249690668966382
9 14 0.035484569110227904
9 15 0.03193550247433867
9 16 0.004976547092603819
9 17 -0.09018252546238467
9 18 -0.0019509390918222554
9 19 -0.09440099067784538
9 20 -0.0017216003771946267
9 21 0.004595622708464063
9 22 0.027557665799647992
9 23 -0.03273431777611632
9 24 0.0018034157346439711
9 25 0.022565623903472408
9 26 -0.010538956371059414
9 27 0.018640269684613964
9 28 -0.012518232771099633
9 29 -0.04288760223119449
9 30 -0.008836527351561678
9 31 0.011505847292158856
9 32 -0.05204701812141258
9 33 -0.017667200940526075
9 34 0.034464109480460435
9 35 0.018097320315165057
9 36 0.004376136940486526
9 37 -0.009602217326642608
9 38 -0.010360613679830656
9 39 0.005509288347271704
9 40 0.04004410566587415
9 41 0.04185227637869545
9 42 0.020053933281062142
9 43 -0.010696816259414621
9 44 -0.010837501609185465
9 45 -0.020142802367687233
9 46 -0.0040303123346545
9 47 -0.008993131044537615
9 48 0.008606298542707516
9 49 -0.0142696995819844
9 50 0.042893373439869785
9 51 -0.010964143911857264
9 52 0.00812957689612201
9 53 -0.005601154881315056
9 54 -0.014495676691475999
9 55 -0.023046463743020867
9 56 -0.014047702572124041
9 57 -0.304220678955933
10 1 0.04742728222637736
10 2 -0.0427770036689509
10 3 0.05038670491169537
10 4 0.010880394627845954
10 5 0.018541325422870056
10 6 -0.020891248151139727
10 7 0.0324608831030246
10 8 -0.020674109471113648
10 9 0.07028647289297803
10 10 -0.034244965286731134
10 11 0.04432234113287354
10 12 0.04242646814694053
10 13 -0.08381109771064292
10 14 -0.027401026286046647
10 15 -0.025241094637089803
10 16 0.06020956649709656
10 17 -0.20487139662277606
10 18 -0.02170338074279986
10 19 0.012529330037811816
10 20 0.01620589671701127
10 21 0.20473862081289657
10 22 0.13843073030046382
10 23 -0.035390450002869465
10 24 0.45438310756333694
10 25 -0.7150441031737145
10 26 -0.26971908124064975
10 27 -0.07389700596351226
10 28 0.16294396859116797
10 29 0.024827129142655776
10 30 -0.12311327399337817
10 31 -0.00017916044261810627
10 32 0.08830443638833504
10 33 0.0376720336560579
10 34 0.10907612163104169
10 35 0.050229742294475334
10 36 -0.015523011191884616
10 37 -0.0005751763213179475
10 38 0.01676509941062609
10 39 0.0022993370490761523
10 40 -0.01076776176016914
10 41 0.00342996519345735
10 42 0.0035731851746355027
10 43 -0.02281528390257246
10 44 -0.004905909184523219
10 45 -0.0038277236161268196
10 46 0.00764098011112609
10 47 -0.015192271767107284
10 48 -0.0004883193466448475
10 49 0.008516943902539697
10 50 -0.00854281343907494
10 51 0.009623310736780043
10 52 -0.0022036401545576833
10 53 -0.009356195222958833
10 54 -0.010438866048186375
10 55 -0.0033839474927145354
10 56 0.0007014486489851354
10 57 0.00019426396917160052
11 1 0.11577430540516014
11 2 -0.05053173119583244
11 3 0.0573555193091937
11 4 -0.018306868588895762
11 5 0.01130905091217592
11 6 -0.12950773261556067
11 7 0.09673782588194514
11 8 0.04624606075896912
11 9 0.14225589086602652
11 10 -0.004649445830060781
11 11 0.06301963882383033
11 12 -0.06144080473855191
11 13 -0.09701044451418106
11 14 0.1274605519968993
11 15 -0.047502854556440405
11 16 -0.2191282897479357
11 17 -0.4173328519875547
11 18 -0.16248350773272727
11 19 0.2931192191947468
11 20 0.13890123869161775
11 21 0.06233824223969181
11 22 0.21690383736242572
11 23 0.08758038673852404
11 24 0.0016184391386412948
11 25 0.16285535730610423
11 26 -0.07799573962299647
11 27 -0.03230531961546068
11 28 0.1387308323271857
11 29 0.012904535388557159
11 30 -0.1605630653962993
11 31 -0.004108101905634307
11 32 -0.27538568636829475
11 33 -0.3270902365031408
11 34 -0.34619266860676345
11 35 0.030087456301699143
11 36 0.076403520927261
11 37 -0.2934794719089436
11 38 0.04934291226567817
11 39 -0.04970123781126252
11 40 0.015419853351897292
11 41 0.0008930476814309722
11 42 0.025373679809991022
11 43 0.00430460495548748
11 44 -0.008161722569485361
11 45 0.034063421670232935
11 46 -0.03255313900398443
11 47 0.019262452715189105
11 48 -0.009372862372562792
11 49 0.010752757635300002
11 50 -0.018937962730438115
11 51 -0.008281391989711073
11 52 0.004126325163796093
11 53 -0.012354403262254919
11 54 0.005299430401429565
11 55 -0.0005311441568007706
11 56 0.00016381279410783203
11 57 -0.0002493622706550657
12 1 0.2634263290908233
12 2 0.003794949985769109
12 3 -0.10147670417872749
12 4 0.11616972114746035
12 5 0.05709779669240075
12 6 -0.03945815630655566
12 7 0.09895154586125778
12 8 0.08026896662255444
12 9 0.29814801619753983
12 10 0.6185878365960691
12 11 -0.13501027845586863
12 12 0.06898178741060261
12 13 0.10853380184330053
12 14 -0.0920485855097582
12 15 -0.1378192625689006
12 16 -0.043747386065250915
12 17 -0.03361961959724021
12 18 0.025898483167670436
12 19 -0.03198989280484255
12 20 -0.10727595517936143
12 21 0.044599212973066654
12 22 -0.015750976816966446
12 23 -0.03614939173564107
12 24 0.01018592135046711
12 25 0.0065166894455262634
12 26 -0.016392364779750243
12 27 -0.0068123181697332625
12 28 -0.10640987049702083
12 29 0.02654562582846846
12 30 -0.012664876943778606
12 31 0.006102609426371933
12 32 -0.031384319965960375
12 33 -0.011795441635050542
12 34 -0.051228302712381386
12 35 -0.03628449168112121
12 36 0.017536422169758734
12 37 0.07094506347616171
12 38 0.023177179828416394
12 39 -0.048984151359615834
12 40 0.01826449255042952
12 41 0.04597362394782095
12 42 0.008722536745457435
12 43 0.0027625394268630575
12 44 0.06550468852190912
12 45 -0.13495340820203003
12 46 0.27766587640778534
12 47 -0.15339863759183536
12 48 -0.13663784088168077
12 49 0.36775593239191234
12 50 -0.03190765030345105
12 51 0.09861052049145058
12 52 -0.12043803948082228
12 53 0.027412836873968588
12 54 0.008845945116707426
12 55 -0.0007248498828582182
12 56 0.022068088028384853
12 57 -0.003081680447335632
13 1 0.1582259701783892
13 2 -0.07441859303532986
13 3 -0.08575200919630295
13 4 0.14392358724534504
13 5 0.03997556635973087
13 6 -0.013663224302200216
13 7 0.12740172297253516
13 8 0.06656734972373696
13 9 0.29564969089219534
13 10 0.6492103641422349
13 11 -0.08716149400429649
13 12 -0.0034394024362909355
13 13 0.12005946054465352
13 14 -0.06059945990070126
13 15 -0.23024433558202348
13 16 -0.025901212744364605
13 17 0.011562829887677662
13 18 0.04066175984502983
13 19 -0.062272250203164035
13 20 -0.04099456726524929
13 21 -0.013415536840700733
13 22 -0.07854857028200524
13 23 0.007603819607584564
13 24 0.05612847914989488
13 25 -0.032900287459225845
13 26 -0.009960255751518689
13 27 0.005456706410346855
13 28 -0.07354316699278367
13 29 -0.002771516273363927
13 30 0.02417733174958235
13 31 -0.014745762029958155
13 32 -0.05550019260750935
13 33 -0.017458227920485386
13 34 0.027143459757836337
13 35 0.0502819955747958
13 36 -0.03327635058588413
13 37 -0.04355004250554673
13 38 -0.11600447707030939
13 39 0.05638666681076013
13 40 0.07815587008645886
13 41 0.0031980481189635666
13 42 0.0008837181975635613
13 43 -0.03446734438860703
13 44 -0.07822180277349126
13 45 0.07202940290761278
13 46 -0.26092590772235097
13 47 0.14227984431069085
13 48 0.1679036203280807
13 49 -0.3533451951772454
13 50 0.0629610642456786
13 51 -0.07536896042270028
13 52 0.09610251436200248
13 53 -0.02208494829098086
13 54 -0.014891837232862835
13 55 0.011331414680278911
13 56 -0.017867814968633787
13 57 0.002105571429108253
14 1 0.21552880719704431
14 2 0.03851250148002062
14 3 0.07762455041730995
14 4 0.1574548496495083
14 5 -0.1813089906957106
14 6 -0.0545432763228971
14 7 0.40810547464776503
14 8 0.35979466188626397
14 9 -0.3282989365269884
14 10 -0.12610253450667436
14 11 -0.18183004754687823
14 12 0.06265358432075348
14 13 -0.033653031316202085
14 14 -0.1959540429200263
14 15 -0.1596249993183983
14 16 -0.16669431157599754
14 17 0.06314383667326652
14 18 0.01734884674179821
14 19 0.019581031986803003
14 20 0.03646228377707587
14 21 -0.008860751433038426
14 22 0.007900412338710966
14 23 -0.08423289072699686
14 24 0.03844798423462345
14 25 -0.0006582668211897108
14 26 -0.0288838046671961
14 27 0.02338365893087933
14 28 -0.013777253803867712
14 29 -0.03625649526303419
14 30 0.03894175132205982
14 31 0.0400805555742209
14 32 0.020905587592346602
14 33 -0.026197191544686926
14 34 -0.04560023154619706
14 35 0.0011928109042779428
14 36 -0.034466319780356885
14 37 0.007116242166273705
14 38 0.04730526937559906
14 39 0.01607402855804236
14 40 -0.03276571532864905
14 41 -0.03453805162446441
14 42 -0.036020139794257736
14 43 0.008838433021306475
14 44 -0.025929083550294003
14 45 -0.07204091406359417
14 46 0.11467973977263501
14 47 0.21993522158707443
14 48 0.2970879241201403
14 49 0.040356756557932257
14 50 -0.06115615244537137
14 51 0.36024052966456194
14 52 0.09779798172207743
14 53 -0.013595187804389246
14 54 -0.059215675182677736
14 55 -0.01765671399741763
14 56 0.015721770998938334
14 57 -0.004566663112717204
15 1 0.1680448284745765
15 2 0.02466475321689873
15 3 -0.006201952940099657
15 4 0.15718977595330946
15 5 -0.13582848992955784
15 6 0.009814075318205875
15 7 0.4139473575677564
15 8 0.30242276331563395
15 9 -0.2784296822298739
15 10 -0.13164511412903698
15 11 -0.22123148126273495
15 12 0.07105712445205326
15 13 -0.07096341631747147
15 14 -0.20736937997094054
15 15 -0.242169900066562
15 16 -0.228980816411662
15 17 0.14574475092882622
15 18 0.07796716113189335
15 19 0.05056536536159915
15 20 0.06729335161583136
15 21 -0.025929955864339257
15 22 0.0454225726472576
15 23 -0.12499131211267828
15 24 0.07694272317096515
15 25 -0.005570523983218728
15 26 -0.014898967434009515
15 27 -0.03192511102674959
15 28 -0.037862727801380926
15 29 0.0492397214833129
15 30 0.07125016188685082
15 31 0.032392088482781196
15 32 -0.055491420553244505
15 33 -0.05286039468591792
15 34 0.08739655278208873
15 35 0.011826593779304
15 36 0.06100132129163985
15 37 -0.03725627546800817
15 38 -0.03323351651789844
15 39 -0.08820226335897322
15 40 -0.07749394573573028
15 41 -0.025830979104599597
15 42 0.00976397198288865
15 43 -0.0035947640648937903
15 44 0.020909387370206783
15 45 0.040558252052663876
15 46 -0.07226159495612579
15 47 -0.16867916032961033
15 48 -0.25787756500649356
15 49 -0.053701925426125306
15 50 0.06865603282196393
15 51 -0.35353885440168686
15 52 -0.1213488125136854
15 53 -0.021279081100742055
15 54 0.04221009466326597
15 55 0.025376679366712597
15 56 -0.013985864453566216
15 57 0.00866815290519343
16 1 0.31864316221548616
16 2 0.0778917070739052
16 3 -0.11484880045803479
16 4 0.36384705463508377
16 5 -0.12609839997497335
16 6 0.10308613901647118
16 7 -0.09358874337658167
16 8 -0.02036228116861399
16 9 0.179290244191457
16 10 0.05309022818172084
16 11 0.17866737840532346
16 12 0.05485542306880782
16 13 0.056648934576898916
16 14 0.16320483155127116
16 15 0.07512604545553256
16 16 -0.026696093259975833
16 17 0.1028459783586501
16 18 0.021988732867756645
16 19 0.14951028995127116
16 20 0.13316516516966226
16 21 -0.17442717520294265
16 22 0.05585181269029614
16 23 -0.04814572142389161
16 24 0.02423424955960202
16 25 0.014849161142014747
16 26 -0.025144526564643405
16 27 -0.07112010767006
16 28 0.011709926136885837
16 29 0.10238917261404232
16 30 -0.04252345281771274
16 31 0.012485825261536437
16 32 0.07365781110282603
16 33 0.09242956813697661
16 34 0.01999195457918467
16 35 -0.007187098473342493
16 36 -0.17136446770029032
16 37 -0.028094018527928644
16 38 0.18893994254468535
16 39 -0.2904613385995784
16 40 -0.4758269757302459
16 41 -0.003948947761156938
16 42 -0.12775361221088558
16 43 0.25593821028558955
16 44 0.022532932099710707
16 45 -0.022114710198276346
16 46 -0.006633274820771667
16 47 -0.0020719815241292162
16 48 0.06422574219438841
16 49 -0.03267284438617337
16 50 0.0540456600177352
16 51 -0.0012440231558393583
16 52 0.039625738082190706
16 53 0.0021778247925057373
16 54 -0.03403697190544203
16 55 0.09484818959553286
16 56 -0.07133032756878437
16 57 -0.0079890215008196
17 1 0.48117338810552973
17 2 0.14230776849606697
17 3 -0.22104366290903205
17 4 -0.31975177671336263
17 5 -0.14661896725425486
17 6 0.13156920701663663
17 7 -0.13427634503897057
17 8 -0.03298452377849086
17 9 0.02215378475558606
17 10 -0.09402101428151217
17 11 0.015017778267833517
17 12 -0.09113225721748867
17 13 -0.022384751259238885
17 14 -0.2534277037671323
17 15 0.017835159949454903
17 16 -0.08510930440029735
17 17 -0.222634867809923
17 18 -0.0022315811865019726
17 19 -0.21322626223429497
17 20 -0.20399344170057232
17 21 0.025766180434154778
17 22 -0.1274452692990166
17 23 0.01230843066196174
17 24 -0.03870515926887193
17 25 -0.0011677245854095416
17 26 -0.017552946234982287
17 27 0.0034709339474105682
17 28 -0.0127304891505552
17 29 0.02732045817807351
17 30 -0.03269476646969687
17 31 -0.01446690606022125
17 32 -0.13904777261989176
17 33 -0.17441230252652504
17 34 0.13372915956210804
17 35 0.02592302337396653
17 36 0.18543780627480477
17 37 0.10155279902362606
17 38 -0.023318266499636354
17 39 -0.04696352572787418
17 40 -0.1047169523324651
17 41 0.007816249655227158
17 42 -0.16682303098981996
17 43 0.09329413995017867
17 44 0.03150014519691435
17 45 0.041989305661235585
17 46 -0.08268203479120706
17 47 0.02346538322404301
17 48 -0.006124564051417534
17 49 0.03830822081859083
17 50 0.14833067120637056
17 51 0.06400587124876325
17 52 -0.012328036306654125
17 53 0.010106400896992796
17 54 -0.02956927330597758
17 55 -0.18174150827937113
17 56 -0.2361135951120358
17 57 0.018873968465234914
18 1 0.48045057987926115
18 2 0.14426511080320942
18 3 -0.2540630474507046
18 4 -0.5196084152020047
18 5 -0.021906330286255743
18 6 0.1720231541475077
18 7 -0.0257844077127668
18 8 0.02559557173607242
18 9 -0.12749489978978518
18 10 0.005180981776136342
18 11 0.24214268043118933
18 12 -0.03785426117716217
18 13 -0.07813896472307645
18 14 -0.03891707910986547
18 15 -0.05751367898126197
18 16 -0.0024212869906700065
18 17 -0.10724492543756303
18 18 0.028857060161908393
18 19 -0.16447933916829813
18 20 -0.09453636134302279
18 21 -0.03135514938547733
18 22 -0.10402963511657792
18 23 -0.006567689069072359
18 24 -0.01851977741665316
18 25 -0.034570138133649404
18 26 -0.02425733634683141
18 27 -0.032131343620826355
18 28 -0.030768715708407557
18 29 0.08629396853560109
18 30 0.012380412132644162
18 31 -0.002613903446570942
18 32 -0.1237997741053181
18 33 -0.08187512808256978
18 34 0.056659278677748406
18 35 -0.024855303271782613
18 36 0.11861747694173859
18 37 -0.025024683763883147
18 38 -0.07852558559601933
18 39 -0.03574056793022868
18 40 -0.07127401193060051
18 41 0.05453243272425275
18 42 -0.09096604673901387
18 43 0.08174200397193919
18 44 -0.014923913268182126
18 45 -0.07432234588127384
18 46 0.0493288602508193
18 47 -0.004940280686129895
18 48 0.05428536381074624
18 49 -0.07270973511656477
18 50 -0.027458122745905672
18 51 -0.02347293178719308
18 52 -0.0069317130383320475
18 53 0.013682791651680933
18 54 -0.008531028313240815
18 55 0.2093280238420806
18 56 0.29983148175780117
18 57 -0.021872071415841646
19 1 0.3117201059007804
19 2 0.02912865745056476
19 3 -0.11809707154729142
19 4 -0.2650750189381008
19 5 0.005525464743848649
19 6 0.18080155654036442
19 7 -0.04492509389673983
19 8 -0.06919091982325529
19 9 0.09928199353801248
19 10 -0.06151597892534968
19 11 -0.5564687995614661
19 12 0.20692507102023092
19 13 0.08022742786095899
19 14 0.1786477158946076
19 15 0.11491720530381015
19 16 0.13154340207621049
19 17 0.08496772309204609
19 18 -0.09763993588698325
19 19 0.13075621743304522
19 20 0.10551471034735263
19 21 -0.009815704538702773
19 22 0.13400440724207033
19 23 -0.06408070969428056
19 24 0.04676255552699644
19 25 0.01851494816818392
19 26 0.02245966635474555
19 27 -0.002275193539703333
19 28 0.024180225387581716
19 29 -0.06593567820625415
19 30 -0.007039123624371398
19 31 -0.02432874659312522
19 32 0.053923711088686814
19 33 -0.02684226495194975
19 34 0.006786831526510384
19 35 -0.05397072394342585
19 36 0.012149021761738382
19 37 -0.017842943897656907
19 38 -0.015286201305851397
19 39 0.005307746206913811
19 40 -0.016736698375013768
19 41 0.00557055223292823
19 42 -0.050123676168227015
19 43 -0.022081058880381248
19 44 -0.030417958280143684
19 45 0.05081229297241692
19 46 -0.14454532829051966
19 47 0.0502183372093529
19 48 0.0831611973395445
19 49 -0.060300413302862135
19 50 0.016363765352325553
19 51 0.11663624003992648
19 52 -0.4306151366130765
19 53 0.135489245689806
19 54 -0.010458971234571237
19 55 -0.006262986590980181
19 56 0.04004363177571203
19 57 0.0001904092369357553
20 1 0.33045980010269965
20 2 0.028981477535564088
20 3 -0.13163730237044646
20 4 -0.3052776123898998
20 5 -0.01123728317178326
20 6 0.1823395248448398
20 7 -0.021844750417793206
20 8 -0.059583317094216756
20 9 0.1331640110701654
20 10 -0.07769475961765954
20 11 -0.5636144938547316
20 12 0.20564798144368523
20 13 0.058783013881724716
20 14 0.12420116216341813
20 15 0.048442347759302944
20 16 0.09914467629513544
20 17 -0.011757252831811775
20 18 -0.10174602438030778
20 19 0.053347929710555686
20 20 0.10584285736093157
20 21 -0.028991003291310605
20 22 0.04167717616634821
20 23 0.008062097715732124
20 24 0.008687679082788514
20 25 0.029652203547552176
20 26 -0.022171663922007534
20 27 0.015601341580239656
20 28 -0.011250062589698373
20 29 -0.01668889288091649
20 30 -0.019074073475453795
20 31 0.021138951515678087
20 32 0.03281156381259027
20 33 -0.015892735882557886
20 34 0.05092841834338596
20 35 0.08054379579040678
20 36 -0.06167890961583594
20 37 -0.01877333504999791
20 38 -0.040199978888230264
20 39 0.07339272940596954
20 40 -0.03431296189540052
20 41 -0.10964054094117451
20 42 0.009051198210433703
20 43 -0.0016409622553947018
20 44 0.02035818154504605
20 45 -0.007721021125329776
20 46 0.06019860002758104
20 47 0.009915796369931097
20 48 -0.11574189944841098
20 49 0.08929560266309051
20 50 0.05037378423814147
20 51 -0.07019126632096125
20 52 0.44638663092495207
20 53 -0.1667499195801044
20 54 0.03372794567808675
20 55 0.00211867762504844
20 56 0.03268378648195282
20 57 0.0024640365207225737
21 1 0.23978836241607518
21 2 0.04481408676605228
21 3 -0.023260818545994783
21 4 -0.19270799651255532
21 5 0.070384398580904
21 6 -0.12642031233451753
21 7 -0.05683485876002657
21 8 -0.00029879594023867585
21 9 -0.04737704692338766
21 10 0.17110600378186874
21 11 0.025572257673731485
21 12 0.07843329150421788
21 13 0.009253987318884565
21 14 -0.26377167256017536
21 15 0.4466869918294608
21 16 -0.28886503581518425
21 17 0.12039910243393788
21 18 0.11570686411163746
21 19 0.10118337031582082
21 20 -0.0011419793801986848
21 21 0.0366151418717447
21 22 0.05361744695083882
21 23 -0.05103465141514085
21 24 0.0283789769203262
21 25 -0.02331069830696724
21 26 0.010164858467028725
21 27 0.010340169359335254
21 28 0.03814391912785179
21 29 0.0246593070229946
21 30 -0.08530838299621199
21 31 0.04040992334326124
21 32 -0.029664028621422898
21 33 0.020546433141763663
21 34 -0.10131481814160175
21 35 -0.21457731771858501
21 36 0.061893614172462925
21 37 0.2566869504889588
21 38 0.4485261957083156
21 39 -0.014448160405926318
21 40 0.051033723507091525
21 41 -0.09533975307320917
21 42 0.10968502406734126
21 43 -0.1774479578841176
21 44 0.0028874178366384623
21 45 0.11876168814875598
21 46 -0.15321988344913665
21 47 -0.002231302843273661
21 48 -0.006386137763971192
21 49 -0.01020402509511107
21 50 0.008641364731115764
21 51 -0.00872315211527322
21 52 0.06309493489452646
21 53 -0.03679478352679545
21 54 0.005744511714155642
21 55 0.036155888647754104
21 56 0.041314657717086534
21 57 0.003801873339291428
22 1 0.3712495223358667
22 2 0.06948869332568675
22 3 -0.13934310996280003
22 4 -0.5029128590766118
22 5 0.13884374894603219
22 6 0.07601797604262502
22 7 0.06311652227231139
22 8 0.058466703929991294
22 9 -0.18453124148076813
22 10 0.12964804553432338
22 11 0.1753230520770356
22 12 0.09896659026873386
22 13 -0.038383720508086146
22 14 0.21475449588231313
22 15 -0.015867654129410862
22 16 0.06019929147826682
22 17 0.19321084877541192
22 18 0.08877540693691752
22 19 0.06039073852220074
22 20 0.07907529673635282
22 21 0.08898400625272772
22 22 0.023152185918944405
22 23 -0.012455232177741502
22 24 0.03593910741099811
22 25 -0.04098702190095847
22 26 0.022383495890913492
22 27 -0.0629252557183602
22 28 -0.05243053451523794
22 29 0.00032627495215728215
22 30 0.03784148414019116
22 31 0.023713655201041364
22 32 -0.07098137304406545
22 33 0.051038943705499995
22 34 -0.11026239480807046
22 35 -0.04161082433459321
22 36 -0.07977469294565684
22 37 -0.06369183805800903
22 38 0.04611406084867939
22 39 0.0016432097418610588
22 40 0.012471262437230464
22 41 -0.007154547379752599
22 42 0.11204166181587911
22 43 -0.0014264361531691667
22 44 -0.0444553985405909
22 45 -0.19915770261376384
22 46 0.1934267855695473
22 47 -0.01985620841801863
22 48 0.06438063604630716
22 49 -0.16530567058430276
22 50 -0.3360421889665841
22 51 -0.13494013307440691
22 52 -0.01160348341148491
22 53 -0.002485373319914129
22 54 0.03724733213305613
22 55 -0.11110200858144409
22 56 -0.17604491468030495
22 57 0.005534295257864867
23 1 0.24219514740176556
23 2 0.03807228549206461
23 3 -0.10747731627296307
23 4 0.03169215742919633
23 5 0.22764369975714058
23 6 -0.03233452465660797
23 7 0.18202179657950576
23 8 -0.21915775786302855
23 9 0.047962526046274295
23 10 0.0338635100972659
23 11 -0.10356551885268879
23 12 -0.614441762814571
23 13 -0.18572332338306732
23 14 -0.07678993500108706
23 15 -0.05340439324806636
23 16 0.029266394832504778
23 17 0.08487519816903046
23 18 -0.006560839152901361
23 19 -0.017326057074866744
23 20 0.04016811008286651
23 21 0.018511283752632127
23 22 0.040513830866267274
23 23 -0.0007763608082626453
23 24 0.004522021610566375
23 25 -0.010546760155113862
23 26 0.00927818788879227
23 27 0.038668728247454834
23 28 -0.030179238135478476
23 29 -0.006499511967854874
23 30 0.024852966138796995
23 31 -0.03217722386740239
23 32 0.04478274600985306
23 33 0.05902338830961751
23 34 0.004736217548302256
23 35 -0.0330095455519256
23 36 -0.03263114825861732
23 37 -0.018070657975400705
23 38 -0.06919487814782627
23 39 0.05207121800376846
23 40 -0.14670087817900992
23 41 -0.23564834477166272
23 42 -0.050719348146276884
23 43 0.07170519209203044
23 44 0.07557225712175114
23 45 0.3119083894508096
23 46 -0.06553330754574764
23 47 0.07626536140064519
23 48 -0.10914028812447796
23 49 0.07242454545587416
23 50 -0.32657920546482483
23 51 0.058052367382920446
23 52 -0.011515239115468262
23 53 -0.012971404995757153
23 54 0.02172591167568921
23 55 -0.010400891643611625
23 56 0.024571927024359216
23 57 -0.0007078834335010371
24 1 0.2796694250824602
24 2 0.025560004330581972
24 3 -0.13307087538274637
24 4 -0.3643851858970787
24 5 0.17937068646980153
24 6 -0.030225623256662747
24 7 0.19500089035272122
24 8 0.07915161922389699
24 9 -0.1693173124803109
24 10 0.06992882850687589
24 11 0.309950827610644
24 12 0.0186241126305395
24 13 -0.047125663117283036
24 14 0.17761028402964163
24 15 -0.11862613954100876
24 16 0.07121991754441064
24 17 0.18140200565584289
24 18 0.05692744311935356
24 19 0.09035835010177853
24 20 0.09839819469857118
24 21 -0.08749193525533788
24 22 -0.034006740506560676
24 23 0.027291730583800106
24 24 -0.024708972537606608
24 25 -0.12883544821388535
24 26 0.032347625334476174
24 27 0.006172916189435903
24 28 -0.007668664261113228
24 29 -0.04065648324468399
24 30 0.04628907679993524
24 31 0.0246357387160564
24 32 0.049680962103575595
24 33 0.18058848550359585
24 34 -0.2122127729838902
24 35 -0.056013596131636915
24 36 -0.15518842040727435
24 37 -0.1404416789625814
24 38 -0.14775432026142044
24 39 -0.09329932077501017
24 40 0.11566643504930364
24 41 0.00882940514367297
24 42 0.0036020640881451456
24 43 -0.05255065615242893
24 44 0.0006375555070783792
24 45 0.20253776363705156
24 46 -0.1558740875243377
24 47 -0.02442110232279573
24 48 -0.06602670286073849
24 49 0.2006201502438258
24 50 0.3449498065304782
24 51 0.13559985042003161
24 52 0.022218437671434006
24 53 -0.017870806712387596
24 54 -0.00457711553474933
24 55 -0.0205851698624629
24 56 -0.03132689886441636
24 57 0.010587210251422502
25 1 0.4470976227086103
25 2 0.1560689825898427
25 3 -0.27870356752443937
25 4 0.4004999171008949
25 5 -0.3273986183478897
25 6 0.20563931170229952
25 7 -0.18874842693478497
25 8 -0.02920092681842247
25 9 0.20373469292057436
25 10 -0.15221299684050177
25 11 0.21538515862853652
25 12 0.01655924273410441
25 13 0.04219313720816414
25 14 -0.008660216348487898
25 15 -0.08887243674261971
25 16 -0.0673738234748039
25 17 0.10416704418932284
25 18 0.0958952571422686
25 19 0.12447318364641391
25 20 0.040691623723024706
25 21 -0.024672462536453284
25 22 0.03693594355972396
25 23 -0.0032030937553870443
25 24 0.007625641297927052
25 25 -0.004923607752818228
25 26 0.025214272074512874
25 27 -0.0018807123258312694
25 28 0.029621643178306505
25 29 0.037879365655913586
25 30 0.018035894562136084
25 31 0.05038889211227592
25 32 0.03406028501701844
25 33 0.048825744855816464
25 34 -0.014325682884665139
25 35 -0.0277335111830863
25 36 0.006398063994259363
25 37 -0.04196390786100674
25 38 -0.027002495385310302
25 39 0.005773526943761828
25 40 0.11393991348994859
25 41 -0.04465338703318186
25 42 0.06697818208467397
25 43 -0.08425258631936602
25 44 -0.014534364645346312
25 45 -0.000534341312322802
25 46 0.006453434468627594
25 47 -0.013576889504772132
25 48 -0.013125825396500862
25 49 -0.030120887545019515
25 50 -0.028071462598780787
25 51 -0.015380021478288233
25 52 0.0048141398341609515
25 53 -0.01841418991504818
25 54 0.015139195138843433
25 55 -0.3130293852814126
25 56 0.214841737500794
25 57 0.009011946018376403
26 1 0.4504167953946625
26 2 0.15975610409003768
26 3 -0.3036499205244179
26 4 0.28620812132200835
26 5 -0.3561013563444293
26 6 0.18102595664330523
26 7 -0.20284932516903972
26 8 -0.0027696473788373396
26 9 0.15529046974346078
26 10 -0.2050976375500324
26 11 0.09815026894416982
26 12 0.00798554812994136
26 13 0.06204850964059349
26 14 -0.02891779975891036
26 15 -0.10285645434176538
26 16 -0.04385687867648089
26 17 0.05205860383052409
26 18 0.06501914546191001
26 19 0.06645187712326292
26 20 -0.027978148097386434
26 21 0.04103404011411842
26 22 0.0512879982234546
26 23 0.0064203358786978125
26 24 0.005561036966427194
26 25 -0.01883851384729522
26 26 0.04929129952293526
26 27 0.016423033103510704
26 28 0.04067324289451687
26 29 -0.026903315331807634
26 30 0.010362168706060337
26 31 -0.008446605204073457
26 32 0.03317101765130225
26 33 0.019227387813902787
26 34 -0.06337203722250621
26 35 -0.061914219381321994
26 36 0.060183521316358395
26 37 -0.006643699703860449
26 38 -0.11545979503149562
26 39 0.1842018413961319
26 40 0.2523058774816876
26 41 -0.06329836024359431
26 42 0.09182290821670751
26 43 -0.12151371612791798
26 44 0.0110801750181308
26 45 0.07143492528579573
26 46 0.0320575945207591
26 47 -0.005069168591823284
26 48 0.019105179144826043
26 49 0.05311640967050426
26 50 -0.07512560295292976
26 51 0.016758479189588747
26 52 -0.005351494052866415
26 53 0.013227434440538312
26 54 0.0031395728488779508
26 55 0.2851141367405847
26 56 -0.18295070742503747
26 57 -0.008747635695781889
27 1 0.09915024963213706
27 2 -0.030917951600916548
27 3 0.012207609374990377
27 4 -0.05898652008142037
27 5 0.09722240677218782
27 6 -0.2380894872088266
27 7 0.18015141214963365
27 8 0.06040069813202753
27 9 0.3194105969384299
27 10 -0.2602184624258412
27 11 0.09533667413578761
27 12 0.020648029768703818
27 13 0.2943476103146456
27 14 0.018424950222294165
27 15 0.0777283978309243
27 16 0.04623549987142699
27 17 0.07105721869121083
27 18 0.0348275294062217
27 19 -0.289103098106448
27 20 0.07745400371156747
27 21 0.03304844747663609
27 22 0.07501484689196934
27 23 -0.09311051305767559
27 24 0.06259937613931581
27 25 0.029523972144064155
27 26 -0.07802787683606004
27 27 -0.01159291644140509
27 28 -0.24097230497664632
27 29 -0.014930846624461439
27 30 -0.0013938305131791229
27 31 0.22664283344236666
27 32 -0.012190353010536462
27 33 0.06134613021268597
27 34 -0.15688908222488465
27 35 0.11974300427318556
27 36 0.2748013542304113
27 37 -0.005001108941954317
27 38 -0.11431242353391959
27 39 0.06056387200389061
27 40 -0.31547060697700513
27 41 0.15269603970392256
27 42 0.3043744804889923
27 43 -0.13385551389654954
27 44 0.043727990372816654
27 45 0.030722466069130896
27 46 -0.057504258842546396
27 47 0.005388316232545288
27 48 0.028395911624157874
27 49 0.01518940493547335
27 50 -0.013544561600668241
27 51 0.028193405342755662
27 52 0.009376094550517008
27 53 0.011585757040602357
27 54 0.007213997004701827
27 55 -4.405630969328e-05
27 56 0.001296410940652643
27 57 -0.002393349399576458
28 1 0.16397734896285807
28 2 -0.07634973004948054
28 3 0.046605867627218474
28 4 0.03910127251463793
28 5 0.00269887706774479
28 6 -0.002304644026267731
28 7 0.22912083779792614
28 8 -0.14923615223680498
28 9 0.04423196824497789
28 10 -0.028346992990214346
28 11 -7.402508135019787e-06
28 12 -0.050374160563517525
28 13 0.14037335189267733
28 14 0.09699786943526806
28 15 0.060606039236214146
28 16 -0.135948378791933
28 17 -0.026788166476705837
28 18 0.3124938128337922
28 19 -0.07684766131130072
28 20 0.2370479911835714
28 21 -0.13081425525949797
28 22 -0.23850284748011447
28 23 0.13413793019961479
28 24 -0.05729156834433538
28 25 -0.0494826831594333
28 26 -0.10506824100736277
28 27 -0.038735679726772436
28 28 0.09483878229097392
28 29 -0.40316851252910463
28 30 -0.0841062539780485
28 31 -0.5130190628355039
28 32 0.02736612198468887
28 33 0.08137566261031101
28 34 0.018077710564296915
28 35 0.07765320241689988
28 36 0.2112656549043972
28 37 -0.09236055356788336
28 38 0.10375480821177789
28 39 0.0794084112964944
28 40 -0.02825987103864377
28 41 -0.09199955982167332
28 42 -0.01427224901029715
28 43 -0.023185941234400324
28 44 0.007274209949881979
28 45 -0.07388848696685572
28 46 0.09563052615666748
28 47 0.01297219191118114
28 48 0.008016037936743336
28 49 -0.0044020701571899235
28 50 0.07229976801020534
28 51 -0.039365780140549686
28 52 -0.014866410470562271
28 53 0.0551219172719824
28 54 0.026760708084596675
28 55 -0.0037791048867096616
28 56 0.00738780426316528
28 57 -0.00307177846782988
29 1 0.21445279010629337
29 2 0.029443138734708357
29 3 0.00800339517810806
29 4 -0.019831427120938647
29 5 0.04494483163317348
29 6 0.08127039018894562
29 7 0.13751237871552957
29 8 -0.25576264650808844
29 9 0.07719867578415307
29 10 -0.036405702454418064
29 11 -0.1461685887446542
29 12 -0.6494378815413361
29 13 -0.11720576665219515
29 14 -0.09824380233911062
29 15 0.03407439692907375
29 16 0.05092692016023287
29 17 0.0820378415421127
29 18 -0.026461391381639113
29 19 0.1199908902400835
29 20 0.13724076203806093
29 21 0.037302655277724556
29 22 0.10641980878899195
29 23 0.005152772368060777
29 24 0.010874024081655206
29 25 0.005960381177458055
29 26 0.02384974993411869
29 27 0.08849772821971309
29 28 0.024407567676677067
29 29 0.0413543256509197
29 30 0.07739385506900172
29 31 0.18188463013402612
29 32 0.024851698752413793
29 33 0.03903755942842235
29 34 0.002838664306719154
29 35 0.009712606857893612
29 36 -0.003654129873372548
29 37 0.029275038246017366
29 38 0.09892572153972712
29 39 -0.0018103781874768325
29 40 0.07585469644098296
29 41 0.15301625208898412
29 42 0.06655669291516748
29 43 -0.07621190004023354
29 44 -0.058125647961377175
29 45 -0.30890651458881835
29 46 0.1386839727904985
29 47 0.0034607689754372296
29 48 0.1043580161801893
29 49 -0.06038695710947757
29 50 0.2901030044597719
29 51 -0.07649038340272213
29 52 -0.02250374714738633
29 53 -0.02113264465669641
29 54 -0.046153692988577896
29 55 0.022534186340447116
29 56 -0.01836983151763254
29 57 0.001238887166170143
30 1 0.27409147085684527
30 2 -0.029024539403306123
30 3 0.4011996925412587
30 4 -0.007086791554188308
30 5 0.13970386481665317
30 6 0.021328111828762448
30 7 -0.15655496683730286
30 8 0.3158828075380429
30 9 0.11744821706645343
30 10 -0.09331636200265755
30 11 -0.08789349587613143
30 12 -0.11292930813426862
30 13 -0.035929591712108466
30 14 0.0574870643192905
30 15 0.02428871413159891
30 16 0.11213108809840855
30 17 -0.06859292055623092
30 18 0.275759780901856
30 19 0.06607864455877202
30 20 -0.03237564818085259
30 21 -0.07209684821471858
30 22 -0.1493526813138216
30 23 -0.02956327605284996
30 24 0.0014122511613836393
30 25 -0.0012796593462780829
30 26 -0.018875400097584212
30 27 -0.09023701925932258
30 28 0.028807373445502577
30 29 0.05023728804740721
30 30 -0.08788399093559045
30 31 0.005693425753092629
30 32 -0.006104582232436017
30 33 -0.09791259070352205
30 34 0.026025620143349897
30 35 0.01778795381499488
30 36 -0.06137487816788412
30 37 0.16542883829807695
30 38 -0.026005125978416577
30 39 -0.11953738744210224
30 40 0.16961979103982902
30 41 0.05225395153186671
30 42 0.32274391524369517
30 43 0.31159074916198276
30 44 0.10156167673153554
30 45 0.14091230227760038
30 46 0.1100399186905004
30 47 0.20244215183021086
30 48 0.017929948202249742
30 49 -0.012661062616973967
30 50 0.0642505769537296
30 51 -0.04376543964077548
30 52 -0.07750330081334257
30 53 -0.0884739928078238
30 54 0.17506270754933578
30 55 0.004647830460298296
30 56 0.009435018624435522
30 57 -0.0036155052475420725
31 1 0.2875896228755925
31 2 0.013517688963988736
31 3 0.5566537553527016
31 4 -0.019309246434332548
31 5 0.18824205561887108
31 6 0.11219164616952995
31 7 -0.3032021176049668
31 8 0.22985570383036652
31 9 0.0159550979858869
31 10 -0.04043054657890177
31 11 -0.028218455792502494
31 12 -0.10323790181256401
31 13 0.06193391687385054
31 14 0.0390229401962082
31 15 -0.08444101200882809
31 16 -0.07979463463259195
31 17 0.06318338748526933
31 18 -0.004655682727584739
31 19 -0.042550682407522376
31 20 0.07508352821100753
31 21 -0.10631874294915736
31 22 -0.06288637460563554
31 23 -0.017303137815035487
31 24 -0.022551191641599844
31 25 -0.07719516035849627
31 26 -0.0002005928953167503
31 27 -0.032421716756427986
31 28 -0.036487645520577726
31 29 0.031782163473540626
31 30 0.0016461629233260045
31 31 0.0018567203254812841
31 32 -0.09947048149538319
31 33 -0.03600856405696065
31 34 -0.05269919771022386
31 35 0.12779889799351463
31 36 -0.08396091503853685
31 37 0.03773586994425662
31 38 0.014491021911045397
31 39 0.140472998383577
31 40 0.016715270528228528
31 41 -0.1767029591406231
31 42 0.07567311563973912
31 43 0.0432875540353358
31 44 -0.02957423436500993
31 45 -0.0801640751802826
31 46 -0.0974073110095304
31 47 -0.12584065313948772
31 48 -0.06511107661363263
31 49 0.027947299202765438
31 50 -0.023296441374367496
31 51 -0.005364060621814505
31 52 0.027832467753313262
31 53 0.15421328665528514
31 54 -0.4291755022758983
31 55 -0.003880050894716085
31 56 0.012780758546480333
31 57 0.006040521671714109
32 1 0.09131815465439948
32 2 -0.017076107105580118
32 3 0.06536325491273681
32 4 -0.009131420560995206
32 5 0.008083323808687095
32 6 -0.08689597986165007
32 7 0.0635709772360985
32 8 0.02043527542692366
32 9 0.0645662016234412
32 10 -0.045171777558476484
32 11 -0.013512862857505296
32 12 0.05397440983359148
32 13 -0.06853212482899765
32 14 -0.04281328189226509
32 15 0.1079923789042489
32 16 0.21909451162469018
32 17 -0.22930338291154098
32 18 0.40243410915121447
32 19 0.14705437678022304
32 20 -0.26769319648486883
32 21 -0.13520848578725733
32 22 0.27526867509032893
32 23 -0.05996091270853936
32 24 0.009271010756390936
32 25 -0.07186128746555466
32 26 0.17942457553741864
32 27 0.09885320212407035
32 28 -0.027844494057559524
32 29 0.17137398288413191
32 30 0.49926426154795833
32 31 -0.2775734960704125
32 32 -0.05389780777271201
32 33 -0.030717078953539687
32 34 -0.1175050903029357
32 35 0.1703039086910253
32 36 -0.07207813372489284
32 37 0.009685303303285212
32 38 0.03773031220876607
32 39 0.09131653084253237
32 40 -0.11008140750238268
32 41 0.020086983559433856
32 42 -0.04230373173100377
32 43 -0.1052691170084738
32 44 -0.02727367004751396
32 45 0.006494522805107519
32 46 -0.009217292810912523
32 47 0.0019599512168860266
32 48 0.027735322676683414
32 49 0.02470846008962159
32 50 0.0038751313741489145
32 51 -0.027605496419919558
32 52 0.007183413487770039
32 53 -0.004510683496715495
32 54 -0.007077530873172262
32 55 -0.005546962890412288
32 56 0.0032663458227566613
32 57 -0.0013603127054613146
33 1 0.08087516074613484
33 2 -0.007920585075035194
33 3 0.03054871717869113
33 4 0.02195763297176823
33 5 0.014424377552337327
33 6 -0.08773735713564718
33 7 0.15634396296542535
33 8 0.07817227236219688
33 9 0.10921071122768526
33 10 -0.11302726139713348
33 11 -0.08361252196068354
33 12 0.09712302515367421
33 13 -0.05353060613615257
33 14 0.055763727985890015
33 15 -0.04442200319304416
33 16 -0.10224736217672524
33 17 -0.15116838660144152
33 18 0.09159271224965274
33 19 -0.11516913333114828
33 20 0.23649467874371669
33 21 0.12086789099572479
33 22 0.16248608646554039
33 23 0.5490248820616197
33 24 -0.24175365981454114
33 25 -0.08295700795446953
33 26 0.07257316169086686
33 27 0.06809616087116963
33 28 -0.14418699120187672
33 29 0.381576103361398
33 30 -0.11638028940961846
33 31 -0.061503208627153125
33 32 -0.18162829209753084
33 33 0.30530245714595466
33 34 0.14912027193681832
33 35 -0.13956212515192942
33 36 -0.05433990873527891
33 37 0.11662571277658818
33 38 -0.016670375592799547
33 39 0.031185896989716373
33 40 0.031818244368571516
33 41 0.03326105244104382
33 42 -0.03137062535400211
33 43 0.01793453689491458
33 44 -0.016296340805806008
33 45 0.010369304130571116
33 46 0.0017639322253340047
33 47 -0.0054598417024533654
33 48 0.011444077362628681
33 49 -0.025964189996804502
33 50 -0.005889158820632764
33 51 0.02084612476139981
33 52 -0.026410042813244175
33 53 0.024702251667590314
33 54 -0.0037340346271789305
33 55 -0.0021416720156464133
33 56 -0.004590789856746548
33 57 0.0005055296915328261
34 1 0.206692691687688
34 2 0.010474212773274101
34 3 0.2412819794166698
34 4 0.08135482534405811
34 5 -0.008505271764771304
34 6 0.1210332261604398
34 7 0.3417315218609292
34 8 -0.49283784843220185
34 9 -0.09538094959755453
34 10 -0.0535904097057019
34 11 -0.03323343045265832
34 12 0.06524792026174137
34 13 0.12895818828020236
34 14 0.01413933737398105
34 15 -0.0029628915024454065
34 16 0.014147790805631812
34 17 -0.012609176701721299
34 18 0.16569669070036144
34 19 0.1517084966904993
34 20 -0.013757740960682505
34 21 -0.07845281238793099
34 22 -0.08752662107586039
34 23 -0.06450627321829575
34 24 0.027275338435819845
34 25 0.031946164609146205
34 26 0.003393007420345709
34 27 -0.12061220296310718
34 28 0.005283991788586878
34 29 0.09805388853714139
34 30 -0.0645651225867409
34 31 0.043853700456140246
34 32 -0.058623888949923236
34 33 -0.08096685428481658
34 34 0.09011576125255552
34 35 0.069408253296556
34 36 0.003843528330897841
34 37 0.08670298376796383
34 38 -0.02539365343816116
34 39 -0.16005172589917213
34 40 0.19060571458434653
34 41 0.3565998696975395
34 42 0.023170765766142853
34 43 0.060282128789031164
34 44 -0.02378899843823661
34 45 0.04084792783944829
34 46 -0.1637734520271706
34 47 -0.15305369584393486
34 48 -0.026327101342488324
34 49 0.025408155854757194
34 50 -0.17040179017643026
34 51 0.10708664681327788
34 52 0.15415552003768035
34 53 0.20019946836165833
34 54 -0.005474049089168809
34 55 0.005994224143451175
34 56 -0.009530501487456652
34 57 0.0019367889597729478
35 1 0.09155072987743718
35 2 -0.15576775223290198
35 3 0.011170382260537006
35 4 -0.010562163636150741
35 5 0.03769260374266465
35 6 -0.07889056335008217
35 7 0.12227376168153285
35 8 0.041080211329971576
35 9 0.19486630264001253
35 10 -0.1177663033717486
35 11 0.026594612084380784
35 12 -0.022775866925461467
35 13 0.09508635150120798
35 14 0.10725589089513055
35 15 0.05572984731709656
35 16 -0.06285236858751855
35 17 -0.05197664667004808
35 18 0.22304679525538262
35 19 -0.48285404887235966
35 20 0.23653636187770508
35 21 0.18811918654125465
35 22 -0.025764836325034002
35 23 -0.09278323180265036
35 24 0.08102839635615397
35 25 0.11851685310671058
35 26 0.07071173844567853
35 27 0.005331073497442458
35 28 0.21208804766755135
35 29 0.09852998943465424
35 30 0.10683007155140305
35 31 0.010002612804608157
35 32 0.2514218488763964
35 33 -0.35399590958263566
35 34 -0.04258220549276427
35 35 -0.241430462820454
35 36 -0.2947494682867824
35 37 0.016945003062010282
35 38 -0.03661762398466145
35 39 -0.08990740622420307
35 40 0.07396686433669372
35 41 -0.03766525777644842
35 42 -0.14203411074503225
35 43 -0.07221854620093486
35 44 -0.049917581927831536
35 45 -0.032419955849661446
35 46 -0.003625634652010078
35 47 -0.04726929895806144
35 48 -0.016885049398734923
35 49 -0.006583917446614795
35 50 -0.0078244953815514
35 51 -0.010168343033441676
35 52 0.008677373492076566
35 53 0.0042528170335687735
35 54 -0.015500066136515899
35 55 0.0002417448662796293
35 56 0.00020010091800202247
35 57 0.0008642360397736951
36 1 0.08398276692007935
36 2 -0.42276175661942317
36 3 -0.03758813453177212
36 4 -0.015103086058505076
36 5 -0.015446845168919096
36 6 0.022495305161378338
36 7 -0.011035401988787805
36 8 0.0021191340872919583
36 9 -0.04817290582299683
36 10 -0.04408930703722097
36 11 0.07303387559964643
36 12 -0.02845287557120324
36 13 -0.024576875374199985
36 14 0.00012218627110231807
36 15 0.0173718270031686
36 16 -0.02070616238428123
36 17 0.018671420942002446
36 18 0.05079814525744634
36 19 0.13577848389642708
36 20 -0.06626495737631449
36 21 -0.10997159779259758
36 22 0.12373333309532292
36 23 0.11133803335384229
36 24 -0.10850825651639326
36 25 -0.18636278470587447
36 26 0.08549988158759209
36 27 0.15281387705723032
36 28 -0.4999796008291661
36 29 -0.11638412442238177
36 30 -0.22022878078264727
36 31 -0.038143318340645715
36 32 0.23361450575575976
36 33 -0.33035414799422863
36 34 0.052178828424559634
36 35 -0.0493586556845548
36 36 -0.08950755486954151
36 37 -0.026547907334563227
36 38 -0.027552505749381506
36 39 -0.03775248231799145
36 40 0.018888936244631095
36 41 -0.0036915038521923584
36 42 -0.03374007608262709
36 43 -0.08497418020587366
36 44 0.36307268915551694
36 45 -0.12624103553062116
36 46 -0.07156232999471435
36 47 -0.007223532350126318
36 48 0.015510267690591184
36 49 -0.039786795026661215
36 50 -0.01583054933032113
36 51 0.0005471160863464168
36 52 0.0035914515417641906
36 53 -0.012530684189196218
36 54 -0.006590670679943797
36 55 0.0035028247984128322
36 56 0.004316593440874275
36 57 -0.0034467292839402766
37 1 0.11381794045779353
37 2 -0.04153087754419061
37 3 0.01807224694789292
37 4 -0.0656567708045618
37 5 0.029666767593959985
37 6 -0.27338565477087917
37 7 0.152803321008115
37 8 -0.050442883652427634
37 9 0.20931669001769762
37 10 -0.19495774030824867
37 11 -0.0196110758162769
37 12 -0.02493211208148187
37 13 0.09729219707759716
37 14 0.34249718450482947
37 15 -0.02279516723694127
37 16 -0.2440761779785676
37 17 0.10436739708045939
37 18 -0.02409661964223077
37 19 -0.12846952573204096
37 20 -0.3596542891250434
37 21 -0.016440537881207376
37 22 -0.001528558607738069
37 23 -0.117017145446724
37 24 0.044425370109888986
37 25 -0.01706219438444132
37 26 0.005116363084739064
37 27 -0.016350238515933067
37 28 -0.17573090891300244
37 29 0.07767540307574118
37 30 0.019676467192225367
37 31 0.13960877678092953
37 32 -0.010549127653382909
37 33 0.10842222147175622
37 34 0.12122228380915089
37 35 0.15960996385663556
37 36 0.006598751443413586
37 37 -0.24397972195449863
37 38 0.34425383062731035
37 39 0.05715738745849512
37 40 0.2653386903474328
37 41 -0.06609560874577493
37 42 -0.20236747919876874
37 43 0.12364752613037362
37 44 0.0040118851639406455
37 45 0.07064000768969966
37 46 0.07073449269379739
37 47 0.030570547177529495
37 48 0.00746518818256993
37 49 -0.015070712748393488
37 50 0.027975906844014478
37 51 -0.02681067098910068
37 52 -0.03449559958562035
37 53 -0.0209446170176864
37 54 -0.0036165253894090803
37 55 0.006183186243434378
37 56 0.005148255357379502
37 57 0.0004096363563735202
38 1 0.1270465601101242
38 2 0.007303250238448386
38 3 0.15709136962804307
38 4 0.015127526417986854
38 5 -0.005534658402124225
38 6 -0.04607394184825971
38 7 0.0014119639281583978
38 8 0.2534931811941505
38 9 -0.03416017602686641
38 10 0.04752941962397585
38 11 -0.07904635513088999
38 12 -0.07415734680269759
38 13 -0.06931918130920714
38 14 0.0401508725984965
38 15 0.10104074255109301
38 16 0.24234972791509213
38 17 -0.2534162463246882
38 18 0.4154481708117675
38 19 0.1542442149238666
38 20 -0.20772870999796733
38 21 0.11169526776973533
38 22 -0.02553297859531234
38 23 -0.033129335393188665
38 24 0.01920870584657381
38 25 0.20351023198864837
38 26 0.03173983495383865
38 27 -0.023155940762104716
38 28 0.06282805469392173
38 29 -0.09705900200548238
38 30 -0.3032417567054522
38 31 0.2567672324381154
38 32 0.16612116522664258
38 33 0.24826847077992584
38 34 0.10384221535102452
38 35 -0.1666716684162347
38 36 0.13843006678291242
38 37 -0.20981532810636108
38 38 -0.07994823688139432
38 39 -0.06626414816433757
38 40 -0.054627766715028336
38 41 -0.06021621411229278
38 42 -0.1380436394970107
38 43 -0.15071940375726547
38 44 -0.04366683159478368
38 45 -0.04764912267588607
38 46 -0.022635924116906365
38 47 -0.03461504261032843
38 48 -0.04307311351332743
38 49 -0.03662848094574526
38 50 -0.021744040858615594
38 51 -0.0029433818617465328
38 52 0.04518741723587524
38 53 0.05003417076294537
38 54 -0.07123925305341457
38 55 0.0024465520159097105
38 56 -0.00635259872180878
38 57 0.002322258476310434
39 1 0.108329735707002
39 2 -0.04693428218639867
39 3 0.010947606620181259
39 4 -0.06084441412033551
39 5 0.011481501765651363
39 6 -0.14871681663285002
39 7 0.08242197366007012
39 8 0.020353189760804427
39 9 0.10273990832513669
39 10 -0.07202865327457438
39 11 0.02007583010571025
39 12 -0.00933854625109226
39 13 0.0013901148287268487
39 14 0.31620006143487717
39 15 -0.02911998625079581
39 16 -0.33749951760317193
39 17 -0.16147687394362262
39 18 -0.05336899711446133
39 19 0.1833365746463833
39 20 -0.20718789603145307
39 21 -0.14817782397175758
39 22 -0.09182795462512847
39 23 0.11411532488631063
39 24 0.020148737541337964
39 25 0.0006764837919016572
39 26 -0.22256083191347834
39 27 0.3298195423502714
39 28 0.12883479246922727
39 29 -0.31326739049651975
39 30 0.2388869685627536
39 31 0.18833173655055033
39 32 -0.03997594347926883
39 33 0.05797404288035593
39 34 0.09172898544225223
39 35 -0.17855241125608004
39 36 -0.11607122535469722
39 37 0.3172675248360087
39 38 -0.17585685982830912
39 39 -0.009871497362115683
39 40 -0.0829931107838691
39 41 0.0317664795227319
39 42 0.01410450591087862
39 43 -0.02731760061244896
39 44 -0.01159490249180519
39 45 -0.04829216217414014
39 46 -0.02414423369674735
39 47 -0.012727800091185154
39 48 -0.00684506249444253
39 49 -0.009028946542543161
39 50 -0.05293158260200291
39 51 -0.03526719358188731
39 52 -0.005483250157840953
39 53 0.01515680833291932
39 54 -0.005718388129187565
39 55 -0.000839327589529323
39 56 0.004137445156076989
39 57 0.0005746476420048531
40 1 0.1776184465508818
40 2 0.030975708371234454
40 3 0.019595597593522807
40 4 -0.14524270609026416
40 5 -0.026799664081042347
40 6 -0.11230278073529636
40 7 0.045103205807688375
40 8 0.06947818206073775
40 9 -0.1058587102618982
40 10 0.1566601865144425
40 11 0.2810305784702046
40 12 0.022832202363419516
40 13 -0.00799175377321483
40 14 0.18833397023565088
40 15 -0.26037875683782935
40 16 0.11339604247403991
40 17 0.0066337613072791745
40 18 -0.015876825174188668
40 19 0.08037382747105018
40 20 0.14821170517901547
40 21 0.14340387522362794
40 22 0.340970668814682
40 23 -0.009367066288094075
40 24 0.07141369625249698
40 25 0.3098606037314658
40 26 -0.0062923319431705095
40 27 0.03512717222644692
40 28 0.13748274990213782
40 29 -0.03491187181119293
40 30 -0.04925251806644829
40 31 -0.05023245118572439
40 32 0.19195172626237247
40 33 -0.1100163484492977
40 34 0.3918146845293456
40 35 0.1696617277611601
40 36 0.0946741948258435
40 37 0.20311735023129246
40 38 0.1647344690519204
40 39 0.2518299377452501
40 40 -0.037382118875586436
40 41 0.06080624910757176
40 42 0.049920707105293456
40 43 0.02022966765159788
40 44 0.07062696286620974
40 45 0.08732009953032531
40 46 -0.0350698838080819
40 47 0.00933399176066491
40 48 0.006504159670459317
40 49 0.06040537122617389
40 50 0.05108068228526417
40 51 0.006931184794030857
40 52 0.005144152812175933
40 53 0.008403239859362878
40 54 -0.02777839807727299
40 55 -0.009090864892646738
40 56 0.005994237226310793
40 57 0.0009209812667501969
41 1 0.023916682718009702
41 2 -0.02601631850283681
41 3 0.004000392745433505
41 4 -0.004286877624185277
41 5 0.007027307804897365
41 6 -0.024778682321071357
41 7 0.01710009279316483
41 8 0.005600044867204949
41 9 0.05143901405268383
41 10 0.029954168840075904
41 11 -0.001524676309971411
41 12 -0.00655700477195529
41 13 -0.021903517064591285
41 14 0.03861353642901865
41 15 0.0008779935478366765
41 16 -0.08575024796227104
41 17 -0.10377761631198261
41 18 -0.004878228657880425
41 19 0.07195830475607466
41 20 0.03145515703674446
41 21 0.21140463178109975
41 22 0.11661537275304322
41 23 -0.35517258589375283
41 24 -0.7394508295536902
41 25 -0.20847225709125125
41 26 -0.23771290640654347
41 27 -0.31084499745218885
41 28 0.03052652789817654
41 29 -0.045533476565302905
41 30 0.12583636840617196
41 31 0.029254873663158404
41 32 0.10865328800438563
41 33 0.024010916921936583
41 34 0.06204764066336822
41 35 -0.020793715226521493
41 36 0.001363654156511842
41 37 0.021721070466399758
41 38 -0.03735879863389883
41 39 0.020320037159190427
41 40 -0.0045916399397672196
41 41 0.008715481737949561
41 42 -0.00033226461051090255
41 43 -0.00758572940760593
41 44 0.002075319265756116
41 45 -0.0027654238088795236
41 46 -0.020727806274216744
41 47 0.004173605169817446
41 48 0.010066155629114214
41 49 -0.022476203763957585
41 50 0.0016005375736138818
41 51 -0.00478429820293849
41 52 0.011808814503242176
41 53 -0.0026323526776879332
41 54 -0.0011153469055313536
41 55 -0.0005941523111232988
41 56 -0.0006818590591444095
41 57 0.00016587343733782871
42 1 0.10703778292821058
42 2 -0.602889735886277
42 3 -0.049593707771127434
42 4 0.0001580379515180592
42 5 -0.058205103783514706
42 6 0.03669789066186406
42 7 -0.05118592895128521
42 8 -0.015530225317765756
42 9 -0.05432271336836509
42 10 0.0038464736806502297
42 11 0.04124986759370502
42 12 -0.016481044961027706
42 13 -0.012552070036745418
42 14 -0.029203603084509873
42 15 0.020005298621758365
42 16 -0.03503491768188595
42 17 0.0178837030613504
42 18 0.010168734648259858
42 19 0.04782816245954013
42 20 -0.036433478087759257
42 21 -0.06165371333958151
42 22 0.08071066804259845
42 23 0.02744196570762418
42 24 -0.05394356709886658
42 25 -0.07565516421142723
42 26 0.05487220632469977
42 27 0.07350930486180357
42 28 -0.20528978474318085
42 29 -0.055705063442756685
42 30 -0.11247441930279402
42 31 0.012691175213826
42 32 0.11400174961560842
42 33 -0.14032501071969916
42 34 0.037845934024508886
42 35 -0.030921619335575704
42 36 0.0346190474291623
42 37 0.016074743307210513
42 38 -0.009261598031954529
42 39 0.04995553656603937
42 40 -0.06529378023060158
42 41 0.019625142483967874
42 42 0.06017182999431992
42 43 0.08988384585550256
42 44 -0.650174673936613
42 45 0.14018302457385518
42 46 0.12018248777604112
42 47 -0.0072305828602942795
42 48 -0.04964543905164136
42 49 0.04126350000543383
42 50 0.014400689588547773
42 51 -0.00533181723471403
42 52 0.0029826153075716306
42 53 0.018716411158718346
42 54 0.010334310211173986
42 55 -0.002763064145602536
42 56 -0.0026749108493865905
42 57 -0.0006772736685594048
43 1 0.18505626472413214
43 2 -0.9126814720465346
43 3 -0.07625784624448789
43 4 0.009562123867339765
43 5 -0.0570109231943874
43 6 0.06711726743681805
43 7 -0.05557276605767958
43 8 -0.00216454093403227
43 9 -0.05134790312898619
43 10 -0.007230792998662875
43 11 0.0018914726073529782
43 12 0.0006522745185573452
43 13 -0.007773554642035657
43 14 -0.029906138467272882
43 15 -0.004372768691791434
43 16 0.024066028582710463
43 17 0.011491756505529811
43 18 -0.0432048252393927
43 19 -0.029814051574833775
43 20 -6.910396681120018e-05
43 21 0.033826115346967604
43 22 -0.037251914343936585
43 23 -0.02835800916698904
43 24 0.033542869096178825
43 25 0.07487283237397906
43 26 -0.017324018762205778
43 27 -0.058858816447610186
43 28 0.1637827446789315
43 29 0.05673755238061873
43 30 0.07770108667101984
43 31 0.02719564918737142
43 32 -0.10835803562640066
43 33 0.15387891732275402
43 34 -0.01815408354831355
43 35 0.03330295371182497
43 36 0.030147324036996943
43 37 0.004315685073807162
43 38 0.01213287995799434
43 39 -0.0020924819890959213
43 40 0.0058267717774299985
43 41 0.00039940427783216885
43 42 -0.005671916690766047
43 43 -0.004490501546185977
43 44 0.13847583128508015
43 45 -0.012978390700003287
43 46 -0.018285162183979086
43 47 0.00024504697904790325
43 48 0.01428380652261131
43 49 0.00962135358195975
43 50 -0.01256578665878899
43 51 0.006150013589457289
43 52 -0.0027227586490929804
43 53 0.00013219714875026798
43 54 -0.003524743775999102
43 55 0.0002279868905353097
43 56 0.0012771119622643659
43 57 0.003029502630330678
44 1 0.18505626472413214
44 2 -0.9126814720465346
44 3 -0.07625784624448789
44 4 0.009562123867339765
44 5 -0.0570109231943874
44 6 0.06711726743681805
44 7 -0.05557276605767958
44 8 -0.00216454093403227
44 9 -0.05134790312898619
44 10 -0.007230792998662875
44 11 0.0018914726073529782
44 12 0.0006522745185573452
44 13 -0.007773554642035657
44 14 -0.029906138467272882
44 15 -0.004372768691791434
44 16 0.024066028582710463
44 17 0.011491756505529811
44 18 -0.0432048252393927
44 19 -0.029814051574833775
44 20 -6.910396681120018e-05
44 21 0.033826115346967604
44 22 -0.037251914343936585
44 23 -0.02835800916698904
44 24 0.033542869096178825
44 25 0.07487283237397906
44 26 -0.017324018762205778
44 27 -0.058858816447610186
44 28 0.1637827446789315
44 29 0.05673755238061873
44 30 0.07770108667101984
44 31 0.02719564918737142
44 32 -0.10835803562640066
44 33 0.15387891732275402
44 34 -0.01815408354831355
44 35 0.03330295371182497
44 36 0.030147324036996943
44 37 0.004315685073807162
44 38 0.01213287995799434
44 39 -0.0020924819890959213
44 40 0.0058267717774299985
44 41 0.00039940427783216885
44 42 -0.005671916690766047
44 43 -0.004490501546185977
44 44 0.13847583128508015
44 45 -0.012978390700003287
44 46 -0.018285162183979086
44 47 0.00024504697904790325
44 48 0.01428380652261131
44 49 0.00962135358195975
44 50 -0.01256578665878899
44 51 0.006150013589457289
44 52 -0.0027227586490929804
44 53 0.00013219714875026798
44 54 -0.003524743775999102
44 55 0.0002279868905353097
44 56 0.0012771119622643659
44 57 0.003029502630330678
45 1 0.332971819408611
45 2 0.024481232377591138
45 3 0.5803556458377148
45 4 0.05788902206546252
45 5 0.11802862772000096
45 6 0.0938904697183017
45 7 -0.2527568966993124
45 8 0.16375487839526115
45 9 -0.009344387529290765
45 10 0.0010958912071093805
45 11 0.04439381506982872
45 12 -0.11058095202245818
45 13 0.010865660733609039
45 14 0.026218480452428566
45 15 -0.07088870199916597
45 16 -0.060451362937707843
45 17 0.06847579718480545
45 18 -0.09309390178241772
45 19 -0.028993092950148354
45 20 0.07790177634464174
45 21 -0.06779678488199638
45 22 -0.026664291406623887
45 23 -0.0235261600750939
45 24 -0.00098016232330737
45 25 -0.026710083920530103
45 26 -0.022469518447641928
45 27 -0.006526871743432041
45 28 -0.03744944256990951
45 29 0.029064132417301065
45 30 0.0032493590134878673
45 31 0.03940913838087952
45 32 -0.07039445989723822
45 33 0.0065411368491719345
45 34 0.009721928997226206
45 35 0.09054912151821293
45 36 -0.0379124385239486
45 37 -0.004931353503474356
45 38 0.02907560857856482
45 39 0.14168461681155886
45 40 -0.07985784889777008
45 41 -0.011809264024583464
45 42 -0.23290246774937684
45 43 -0.20494301036080062
45 44 -0.07614679739427316
45 45 -0.11297383563123906
45 46 -0.11114913801341479
45 47 -0.12652494842083242
45 48 -0.0090883724144191
45 49 0.0008213292901848947
45 50 -0.010317298197084612
45 51 0.11290020102293791
45 52 0.020858480385541826
45 53 0.052519435988040875
45 54 0.4220544335565888
45 55 0.011132476936538049
45 56 -0.008438257709431393
45 57 -0.011570103186609157
46 1 0.22429476424851097
46 2 0.019470656465573367
46 3 0.41172516099941975
46 4 -0.0028667778600041677
46 5 0.10811888636596846
46 6 0.07123757665633812
46 7 -0.23808966900481615
46 8 0.13304345406043158
46 9 0.05505387817149299
46 10 0.0008577507140453344
46 11 -0.0664402139618606
46 12 -0.02725076401865545
46 13 -0.00946112567777057
46 14 -0.027519963721133783
46 15 -0.10357415003153263
46 16 -0.05138384205238798
46 17 0.14001757762461825
46 18 -0.18232134012225223
46 19 -0.09153140244545863
46 20 -0.026021020231407104
46 21 0.061832807318261226
46 22 0.18698572484895618
46 23 0.04976680680317199
46 24 -0.012192401223605166
46 25 -0.0370423649557462
46 26 0.0596542646790534
46 27 0.12908218776849026
46 28 0.03517069574715453
46 29 -0.14421256169836547
46 30 0.15370430824092246
46 31 -0.22051518526743463
46 32 0.10710394445069485
46 33 0.07561170287508005
46 34 0.0068573926590381725
46 35 -0.21212279949599788
46 36 0.24044528824356934
46 37 -0.13430750030217556
46 38 0.028220761693248622
46 39 -0.26614652933497535
46 40 0.04573558713733931
46 41 0.3673646663392349
46 42 -0.10635256292036226
46 43 -0.06411990907431353
46 44 0.028863207566829637
46 45 0.17969910752112467
46 46 0.07792581719036833
46 47 -0.008080984383343918
46 48 0.06430202844715759
46 49 -0.004249337364845378
46 50 -0.08405172508836
46 51 -0.060876827718189155
46 52 0.0662520589220325
46 53 -0.1305306163403823
46 54 -0.09564598310020847
46 55 -0.0086428520808825
46 56 -0.0028289213092154847
46 57 0.003104560281706627
47 1 0.28033753403421713
47 2 0.012947958045371941
47 3 0.48981207434978574
47 4 0.12532697054263006
47 5 0.02183496106277199
47 6 0.1597048074021517
47 7 0.18036332444575764
47 8 -0.40144422835634025
47 9 -0.1507780740146257
47 10 0.03297645939405028
47 11 0.12661098104001975
47 12 0.16018591248434902
47 13 0.19008995669700893
47 14 0.001197893476620304
47 15 0.013902476023354976
47 16 0.03427965727251128
47 17 -0.08826999089261217
47 18 0.008700778951082344
47 19 0.007039488689007483
47 20 -0.04242854335979777
47 21 0.0189663910131018
47 22 -0.05651278184676073
47 23 0.007308253937560809
47 24 -0.024264585842729853
47 25 0.03782134407489988
47 26 0.006600527782615198
47 27 -0.02749961356460456
47 28 -0.016290176775958044
47 29 0.04054620319268134
47 30 -0.06579304425795585
47 31 0.08636878066669772
47 32 -0.0343142324962611
47 33 -0.00730683598144919
47 34 -0.01530247095257775
47 35 -0.013540191246833401
47 36 -0.02239023551617977
47 37 0.03558663588526229
47 38 -0.07961754483204359
47 39 0.09815039679497718
47 40 -0.04996448209737653
47 41 -0.10654080620834122
47 42 -0.05182800068140785
47 43 -0.04903405141247626
47 44 -0.026364970592026457
47 45 -0.00030995322717131623
47 46 0.003731011740222293
47 47 -0.011519573164773617
47 48 0.045257406973891544
47 49 0.01308849998832662
47 50 -0.0007553371453629312
47 51 -0.005296522092112963
47 52 -0.18183193273083298
47 53 -0.48097289987447966
47 54 -0.08469684353888025
47 55 0.009494291902671205
47 56 -0.003742498852304465
47 57 0.0013922588321368641
48 1 0.21798212261745642
48 2 0.02748299891269381
48 3 0.4090234038591539
48 4 0.040242273463386526
48 5 0.05020720483165913
48 6 0.12267362477493333
48 7 0.04378940307781778
48 8 -0.3393683199401766
48 9 -0.1673023000378066
48 10 0.0581618567832595
48 11 0.08284667694770022
48 12 0.17295586052494064
48 13 0.2215263992414721
48 14 -0.12329706761365919
48 15 -0.09292987877770235
48 16 -0.034434731233399206
48 17 -0.09725107314429851
48 18 -0.12132467331065233
48 19 -0.06349722757932437
48 20 -0.12886612645532897
48 21 0.16631286101419746
48 22 0.17155506386714778
48 23 0.01716806387308531
48 24 0.00599650752172829
48 25 0.008545346103547034
48 26 0.0616674199290485
48 27 0.1355375830037792
48 28 -0.00924865769624893
48 29 0.017710441369971255
48 30 0.12422653086767935
48 31 0.05256670138721181
48 32 0.11508944339486975
48 33 0.057689173880204794
48 34 -0.06446169757260929
48 35 -0.22566062710101006
48 36 0.05647946133372949
48 37 -0.12011013548858551
48 38 -0.020999517806434685
48 39 -0.0026008519983066808
48 40 -0.045723488093546746
48 41 -0.24779551918462694
48 42 0.11698144130190433
48 43 0.13854276409829103
48 44 0.06988046384625984
48 45 -0.030680398249627823
48 46 0.08005698018890066
48 47 0.21128320835779452
48 48 -0.044685702575123415
48 49 -0.010169584794754391
48 50 0.1196851853480948
48 51 -0.09791390386950417
48 52 0.05507430844151536
48 53 0.28822332231631037
48 54 0.08748884297060885
48 55 -0.0056964862250825175
48 56 0.007597499363372874
48 57 7.056199991483552e-05
49 1 0.3002975357483906
49 2 0.05915869645232449
49 3 0.05221840776169082
49 4 0.25176831065696975
49 5 -0.2457493455706452
49 6 0.07927581539903052
49 7 0.2149102399059117
49 8 0.19632559625307033
49 9 -0.12635451447008822
49 10 0.11689308163057023
49 11 0.10190994774182532
49 12 -0.06734178214260476
49 13 -0.011347331043776956
49 14 0.21218366764244975
49 15 0.34935980841639613
49 16 0.2033954078067989
49 17 -0.026303715172955974
49 18 -0.24930761143976443
49 19 -0.13102266823255462
49 20 -0.016221982381539626
49 21 -0.0019560796013344582
49 22 -0.061730761567138144
49 23 0.040400386624019236
49 24 -0.04019840010353
49 25 -0.045226516472605144
49 26 -0.018545508642795618
49 27 0.0012710884254243887
49 28 -0.027103132445879273
49 29 -0.002939908192930334
49 30 0.011795133438809386
49 31 -0.04036612012517746
49 32 -0.038551777802233574
49 33 -0.018784172263070865
49 34 -0.022408876274333623
49 35 0.07313584379932764
49 36 -0.027537855137581665
49 37 0.05233229728023042
49 38 0.04646024340824951
49 39 0.01159722208625189
49 40 0.047946896161336156
49 41 0.16361327063473022
49 42 -0.061496793715048355
49 43 -0.11575994478199593
49 44 -0.037013358674337554
49 45 -0.08992174820562208
49 46 -0.05783074386093988
49 47 0.3738297368551658
49 48 -0.35207533954276277
49 49 0.013749586538694887
49 50 -0.047055331869974834
49 51 -0.030240282355394856
49 52 -0.01732018460546925
49 53 0.02616920670570512
49 54 -0.05331625025135469
49 55 0.007049691597246542
49 56 -0.002037842180062925
49 57 0.0003811048191504154
50 1 0.24393500936844725
50 2 0.054176346563425834
50 3 0.04135571054860958
50 4 0.21953803376715758
50 5 -0.2448954825897016
50 6 0.04046269072810684
50 7 0.2723318561508321
50 8 0.20842325036303308
50 9 -0.1396373325924507
50 10 0.11099267809132114
50 11 -0.017553223967880345
50 12 -0.11541633404786376
50 13 -0.0064256987816447
50 14 0.1610150364321477
50 15 0.3708037549905561
50 16 0.23357003604266663
50 17 -0.08148227191405422
50 18 -0.25446367006010734
50 19 -0.13336236842538005
50 20 -0.10893806574517927
50 21 0.08475553109713238
50 22 0.002052496364197199
50 23 0.05979464015576652
50 24 -0.043944028239653654
50 25 -0.03265595015873581
50 26 0.008796860022614419
50 27 0.0860109277303723
50 28 -0.004338166166430609
50 29 -0.05771402290698825
50 30 0.03219354964632846
50 31 -0.04937380398451236
50 32 0.03206796966555646
50 33 -0.019036036561268167
50 34 -0.07459900779235633
50 35 -0.04662034532235925
50 36 0.03180474962803107
50 37 0.003650763364844915
50 38 -0.007569599348589416
50 39 0.09518084215228848
50 40 0.04891777029850315
50 41 -0.07916633026766348
50 42 0.09474804249284098
50 43 0.1897363248917381
50 44 0.05102859124160759
50 45 0.11679948732104388
50 46 0.003519425316710962
50 47 -0.41681866166100745
50 48 0.20335462636081678
50 49 -0.06638818736217458
50 50 0.04502524239206697
50 51 -0.016290594679600544
50 52 0.03979407607541034
50 53 0.02751098768299772
50 54 0.04113344134655325
50 55 -0.026978333092092795
50 56 0.012299604210449927
50 57 0.0002741235103347836
51 1 0.20929515056196385
51 2 -0.0066139078439311355
51 3 0.23609639283235556
51 4 0.06519048083356256
51 5 0.02518890518095267
51 6 -0.027344187012576064
51 7 0.13718938422066546
51 8 -0.1638576275642091
51 9 0.21642943282151456
51 10 -0.032503119772013964
51 11 0.05977537165518075
51 12 0.27196088437935506
51 13 -0.5565459229183286
51 14 -0.06829031060303195
51 15 0.019780817363703913
51 16 0.1007917771141767
51 17 0.10762922441476795
51 18 -0.07360481854118438
51 19 -0.03422424839048687
51 20 -0.012651016408129219
51 21 -0.04584893639953085
51 22 -0.1411749085008907
51 23 -0.010206289693379623
51 24 -0.039324454026758264
51 25 0.0632436920597749
51 26 -0.06550158588248976
51 27 -0.050362509230437606
51 28 -0.022923887029646036
51 29 -0.035344360151355544
51 30 -0.11204546154607692
51 31 0.07572389733782312
51 32 -0.05361344795009082
51 33 -0.06748035860808445
51 34 -0.04152981128746599
51 35 0.09132258021326142
51 36 -0.1014828068627232
51 37 0.10116495735111151
51 38 -0.029916647876981752
51 39 0.045977439553563995
51 40 -0.06598719483082063
51 41 0.004601561941281
51 42 -0.09929335799518071
51 43 -0.23826832355360322
51 44 0.06675201111948653
51 45 0.24773169912331872
51 46 0.29100839502728154
51 47 0.025433090761239653
51 48 0.10945305539463555
51 49 -0.06316933996401362
51 50 0.08134215418696629
51 51 -0.11884133383813311
51 52 -0.004707485816147633
51 53 0.15276038121822777
51 54 -0.050230248498517274
51 55 -0.0037409552362823676
51 56 -0.0017961967387266481
51 57 0.001488833854945504
52 1 0.11969101126613033
52 2 -0.01751137881960114
52 3 0.12336356633001491
52 4 0.03404533342853483
52 5 0.021066685300780652
52 6 -0.04943795575018147
52 7 0.11500487193506086
52 8 -0.08433560971905087
52 9 0.2943986528897499
52 10 -0.043208287751172816
52 11 0.06145231840139675
52 12 0.2515438009781038
52 13 -0.6278371296390773
52 14 -0.11482562751578547
52 15 -0.036486305343853824
52 16 0.08234856804376864
52 17 0.10561096018730683
52 18 -0.009776264390301048
52 19 -0.14670190040025818
52 20 -0.0250037515412897
52 21 -0.039651596470201056
52 22 0.04202493757513091
52 23 0.023176143111362697
52 24 -0.03677150745603821
52 25 0.043625706784902255
52 26 0.013327041610351269
52 27 0.0748432888040697
52 28 0.03918814341375173
52 29 -0.13614371527232252
52 30 0.0721632356053083
52 31 0.008826159185374254
52 32 0.0849494363278882
52 33 0.029853538036964753
52 34 0.006654457428460588
52 35 -0.06185605890186336
52 36 0.12472102324944055
52 37 -0.09435778554014324
52 38 0.06500849152975033
52 39 0.00669636527832767
52 40 0.06204662487443936
52 41 -0.054336367953220444
52 42 0.13325882063599678
52 43 0.22458951839259012
52 44 -0.07123253922147259
52 45 -0.28020572357281154
52 46 -0.2704715650042265
52 47 -0.025831086051360915
52 48 -0.08437809068508485
52 49 0.034064130939470465
52 50 -0.05016526054319418
52 51 0.10427451678812404
52 52 -0.004631083928805953
52 53 -0.0856802863684907
52 54 0.022507759856165037
52 55 0.016390754687487564
52 56 -0.010396292337375499
52 57 -0.0007579880610346842
53 1 0.16495156003532654
53 2 -0.0037947479881927713
53 3 0.06926769915599204
53 4 -0.033032497134892744
53 5 -0.29260567193996806
53 6 -0.5610866040695276
53 7 -0.18524865667015128
53 8 -0.17809839447867648
53 9 -0.13334570879162855
53 10 0.06404403691906452
53 11 -0.10115816361745862
53 12 -0.01880816658353731
53 13 -0.01849088839573333
53 14 0.08957082930152149
53 15 -0.16577176614263386
53 16 0.1305091001583294
53 17 -0.009690524039751139
53 18 -0.0036881070624871356
53 19 -0.019536469751731622
53 20 0.07392076211910337
53 21 -0.18216475816146516
53 22 -0.02028680109980107
53 23 -0.06510724535091203
53 24 -0.00046133613790933945
53 25 -0.05484467680359291
53 26 -0.019033698012139687
53 27 -0.009858945831675164
53 28 0.008307841341350295
53 29 0.0909072798987212
53 30 0.054012602677764726
53 31 -0.021625695931802677
53 32 -0.025606618588696062
53 33 -0.04532102437360561
53 34 -0.019790526625865647
53 35 -0.1542210144768448
53 36 0.09850912861200627
53 37 0.015677984321045665
53 38 0.02139766261605454
53 39 -0.0320996475871047
53 40 -0.017493964570593396
53 41 -0.05007923127431512
53 42 0.07349854366552874
53 43 -0.030437351026340063
53 44 0.04842932854962775
53 45 0.03175287100211695
53 46 0.1700677836902509
53 47 -0.10641048346503448
53 48 -0.27266269518495434
53 49 -0.33137583302567414
53 50 0.06534904936812412
53 51 0.2731601843348992
53 52 0.010995818920296437
53 53 -0.03680999636242166
53 54 -0.019281733860908774
53 55 0.006046705545615046
53 56 -0.010050385501229138
53 57 0.0010375680420818953
54 1 0.24951132321718617
54 2 0.05686751928516997
54 3 0.039699661345483195
54 4 -0.09343112053619768
54 5 -0.22050173538542062
54 6 -0.1800215079388984
54 7 -0.15732162245634848
54 8 -0.0837618850244095
54 9 -0.06648428164583058
54 10 -0.022026339120312488
54 11 -0.05210910354579754
54 12 -0.0010055282476920644
54 13 0.04043716283744294
54 14 -0.20477587413102066
54 15 -0.022365190081696903
54 16 -0.04934646455368245
54 17 -0.04670009638908652
54 18 0.016085922521196044
54 19 -0.08059506424995999
54 20 -0.08851469156699943
54 21 0.41534548746550287
54 22 0.011904992079890042
54 23 0.1775542073300146
54 24 -0.05297743823093589
54 25 0.08050460516103192
54 26 0.06293492263438251
54 27 0.05465151343793654
54 28 -0.03426030187455574
54 29 -0.32729582154808456
54 30 -0.00020810849911360768
54 31 -0.012424323716323514
54 32 -0.02075848767786662
54 33 0.1019127503240168
54 34 0.00836961041659009
54 35 0.38623297309103544
54 36 -0.37982735620990277
54 37 -0.07145154070154205
54 38 0.05197061050717177
54 39 -0.23401799175937707
54 40 -0.0417056984133937
54 41 0.02556636654435678
54 42 0.13862095011287684
54 43 -0.040469036441870665
54 44 -0.036502214366927646
54 45 0.026370645506609464
54 46 -0.02651890278636649
54 47 -0.05787723271113978
54 48 -0.061950075968165805
54 49 -0.05915447476044435
54 50 -0.015322030462515982
54 51 0.056154245082813206
54 52 -0.0467609596218372
54 53 -0.01223165312620372
54 54 0.013862466740284225
54 55 0.0347941121602147
54 56 0.030814329428096573
54 57 -0.002420185857642052
55 1 0.18868559492954348
55 2 0.0141408838792098
55 3 0.1108365157275518
55 4 -0.01256369717175107
55 5 -0.25912912521213605
55 6 -0.5241315249959841
55 7 -0.14022363604909496
55 8 -0.10443397547872138
55 9 -0.11736962409462381
55 10 0.10955615120185995
55 11 -0.04367424208114108
55 12 -0.039147477124433464
55 13 -0.0398460172245341
55 14 0.11376804442189044
55 15 0.1134288759153974
55 16 0.042856118977675
55 17 0.09406187972730859
55 18 -0.06438554768327154
55 19 -0.014690844378537085
55 20 0.07166932382990478
55 21 -0.1207696068871963
55 22 -0.04167778643210051
55 23 0.01986758060183408
55 24 -0.01318217860029387
55 25 -0.03208608889151597
55 26 -0.02526910286235233
55 27 -0.04136643053771578
55 28 0.013712930135344845
55 29 0.15482562679365322
55 30 0.04941019288983681
55 31 -0.0333022809019206
55 32 -0.05714771867010927
55 33 -0.09248758519158876
55 34 0.25729592849040106
55 35 0.04836193025596027
55 36 0.0991585265487437
55 37 -0.09764455588463486
55 38 -0.16289425341710712
55 39 -0.27481386831700577
55 40 0.05043220368976485
55 41 -0.20528036899133598
55 42 0.10238964510334854
55 43 -0.15747557336956464
55 44 -0.06781464938622829
55 45 -0.07281401946089375
55 46 -0.09579515891169556
55 47 0.06873311609820199
55 48 0.23683689134442917
55 49 0.25626495287962225
55 50 -0.04936635294763388
55 51 -0.15584888579146208
55 52 -0.005511385339106276
55 53 0.019112318324496738
55 54 0.009073998585910126
55 55 0.0019493682581720577
55 56 -0.005007402313301344
55 57 0.0003799560015083271
56 1 0.16791353811547363
56 2 0.03474627502400324
56 3 0.017245121900918765
56 4 -0.01340728470976812
56 5 -0.3036137331130814
56 6 -0.45680646994835655
56 7 -0.1924412308267788
56 8 -0.12005680118253627
56 9 -0.14413052453547556
56 10 0.0066507760192940175
56 11 -0.14283661168736136
56 12 -0.008112240226971906
56 13 0.00321508759668078
56 14 -0.05172875359096701
56 15 -0.18051073524500827
56 16 0.12315940530934626
56 17 -0.019611660473092717
56 18 0.08707732264830878
56 19 -0.05048286301561714
56 20 0.05915273224470526
56 21 -0.000826227374980335
56 22 -0.0609937897883322
56 23 0.005435586662498852
56 24 -0.011039297784792916
56 25 -0.07669774727860086
56 26 0.03183280372552928
56 27 -0.05253123971544794
56 28 -0.023673208910170017
56 29 -0.11677711153442051
56 30 -0.10860489197868692
56 31 0.07655197422424412
56 32 0.036032807406486705
56 33 0.06492694922903916
56 34 -0.3249701727432561
56 35 -0.12470056044121888
56 36 -0.0909504385106025
56 37 0.08423257887880808
56 38 0.06967874233154939
56 39 0.2926652801013714
56 40 -0.04806605508874997
56 41 0.23721545204029432
56 42 -0.18373543007522594
56 43 0.20230327166159487
56 44 0.023434697656094048
56 45 -0.019390445595037616
56 46 -0.1141792618247908
56 47 0.059601838465108435
56 48 0.09107108651238692
56 49 0.1428681923795534
56 50 -0.03437097446544934
56 51 -0.22764394502853474
56 52 0.0015722530286846478
56 53 0.013968621205637057
56 54 0.0024949684162802427
56 55 -0.025408919613832657
56 56 0.02845807169434446
56 57 -0.0025574689507580125
57 1 0.1264748805593203
57 2 0.012560535177172132
57 3 0.09550562393332614
57 4 -0.07481741329912837
57 5 -0.007319455815218299
57 6 -0.20309322883350847
57 7 -0.10441293592541921
57 8 -0.01074343785215594
57 9 -0.0037922753088395133
57 10 0.12931459554320127
57 11 0.039048914536260325
57 12 0.048046220568933005
57 13 -0.06503680134374733
57 14 -0.16397863446705896
57 15 0.47354129154048563
57 16 -0.40227156612638687
57 17 0.15869885120108604
57 18 0.05528171820325441
57 19 0.14509617275845166
57 20 0.08133083662228373
57 21 0.06618672768518098
57 22 0.055192501259645435
57 23 -0.011790296914970166
57 24 0.11963043195619567
57 25 0.09627803068199631
57 26 -0.07258542173241127
57 27 -0.0033848366935527803
57 28 0.01257337988816386
57 29 0.13961292579863577
57 30 0.0352595559619855
57 31 -0.053454969284042614
57 32 0.1652534450933662
57 33 0.048100395571158486
57 34 0.06383249680441075
57 35 0.11199238502075451
57 36 -0.022543041722367256
57 37 -0.17421148394771385
57 38 -0.38864846578070283
57 39 0.22619750466411295
57 40 0.012192331457772931
57 41 0.14602098747064662
57 42 -0.08588449098432094
57 43 0.1838828671444231
57 44 0.0598166244029108
57 45 -0.017637232545726144
57 46 0.0847144911764261
57 47 0.01050824790354828
57 48 -0.06153154768814105
57 49 -0.052394931472383895
57 50 0.025425018165459654
57 51 0.04663078168111309
57 52 -0.008796721678420173
57 53 -0.0027119583900707296
57 54 -0.016620216600198707
57 55 -0.009833021932315762
57 56 -0.0035018773214084233
57 57 -0.0015875724120810192
58 1 0.039359078335398076
58 2 0.0035650961316570384
58 3 0.018487962329137762
58 4 -0.0214523354895255
58 5 -0.002875454638640189
58 6 -0.0198471129351971
58 7 0.008884442310706477
58 8 0.020941185416785617
58 9 0.04872534461241007
58 10 -0.0010572044304874243
58 11 0.04731779918032045
58 12 -0.0091056002580046
58 13 -0.1040835164896805
58 14 0.023295262481871647
58 15 0.030992359801664603
58 16 -0.15199291056649442
58 17 -0.3747853024703253
58 18 -0.1870081673276284
58 19 0.07820489605011702
58 20 0.2107791182909749
58 21 -0.025785018319497085
58 22 -0.11169965177617283
58 23 -0.005718595090987359
58 24 0.21736109905156045
58 25 0.01865771593958573
58 26 0.43996753236298397
58 27 -0.497967805351232
58 28 -0.2694572727542882
58 29 -0.19053689690997588
58 30 0.2550510402998077
58 31 0.06841123877086393
58 32 0.11175938678496386
58 33 0.11757149555737413
58 34 0.0943290323171649
58 35 -0.07391061116613575
58 36 0.026939680694692276
58 37 0.07753770178606424
58 38 -0.0013521911236760908
58 39 -0.0026563620695499927
58 40 0.03018882265458728
58 41 -0.02015791271623468
58 42 0.011075942837729629
58 43 -0.012072181582756514
58 44 0.003567021448319525
58 45 0.016598005515950996
58 46 0.009505611786406649
58 47 -0.004208297090893591
58 48 0.014505294377033875
58 49 -0.000527870335041717
58 50 0.0018809020798818258
58 51 0.00042357840367857806
58 52 0.002490561639694199
58 53 -0.0008831225278014734
58 54 -0.004165426007109411
58 55 -0.0021510584797264486
58 56 -0.0002895325734467676
58 57 0.00031421591263074985
