%%MatrixMarket matrix coordinate real general
58 57 3306                                        
1 1 0.03459576381388735
1 2 -0.015867621222219793
1 3 0.009530139149935541
1 4 -0.015729411250312648
1 5 0.0016820951494416715
1 6 -0.0870934380321247
1 7 0.03988030171315893
1 8 -0.0007705906008190481
1 9 0.08907561447289165
1 10 -0.042139650387352255
1 11 0.042660774301504424
1 12 0.03688682742684969
1 13 -0.05549402040361705
1 14 0.10125243362553078
1 15 -0.035858997387539907
1 16 -0.0711729965571254
1 17 -0.12014954420237464
1 18 -0.09831052929191393
1 19 0.1322548393271908
1 20 0.15056785350299984
1 21 0.23669321093096715
1 22 -0.27409047923804314
1 23 -0.49023392979188657
1 24 -0.049433309551707175
1 25 -0.10602202883406327
1 26 0.42029683156547715
1 27 0.4737075148754592
1 28 0.007027920271361227
1 29 0.12157756074093563
1 30 -0.1844346666991643
1 31 -0.1670157419979475
1 32 -0.06573019895602097
1 33 0.11274440420497518
1 34 0.026674917214322098
1 35 0.04505677088423226
1 36 0.034454164473458476
1 37 0.05305615061251142
1 38 -0.03871963569798042
1 39 -0.0040507336624407845
1 40 -0.04329335890873528
1 41 0.01889733200188473
1 42 0.024159531351532988
1 43 0.009028546523806783
1 44 0.003184568247427449
1 45 -0.023982235310443235
1 46 -0.013536075664761843
1 47 0.007150930664149857
1 48 0.00843808728932876
1 49 0.00047830599618057764
1 50 -0.005449204339739082
1 51 -0.00899591695631835
1 52 0.006169512705812643
1 53 -0.002902484129495935
1 54 0.00015751387539168554
1 55 -0.0006006295459649452
1 56 0.002977453866960984
1 57 -0.00011387260429008596
2 1 0.14483978074881995
2 2 -0.029471536596183366
2 3 -0.004878337612869127
2 4 -0.06316390528292654
2 5 0.1600562756937529
2 6 -0.2805159469364375
2 7 0.14057260178611988
2 8 0.10045247217111497
2 9 0.20461562900902114
2 10 -0.17728095986763787
2 11 0.1667878651200907
2 12 0.03293190946545634
2 13 0.2310518095455735
2 14 -0.26248512123594014
2 15 0.035428616993732565
2 16 0.24352961011712304
2 17 0.05031187449859266
2 18 -0.15649441856137947
2 19 0.13915363269089734
2 20 0.06730490093434974
2 21 -0.03028310615249019
2 22 0.21520865249043866
2 23 -0.07389113896084328
2 24 0.02922704525622824
2 25 0.09009248362918156
2 26 -0.05696043477020462
2 27 -0.023659917934440042
2 28 -0.04400537728942775
2 29 -0.10680698324680707
2 30 -0.08451652597018576
2 31 -0.09893672660219369
2 32 -0.01472517613062578
2 33 0.09432114635693684
2 34 -0.12385724628843703
2 35 0.09558135845017109
2 36 0.06537596482160445
2 37 0.3123854517188165
2 38 -0.1560278939850972
2 39 -0.20050203152033136
2 40 0.22481843982405217
2 41 -0.18950190595483055
2 42 -0.2923279908901088
2 43 0.11300584489438495
2 44 -0.06352388201753446
2 45 -0.09363863487203483
2 46 0.03301954206061556
2 47 -0.00965836736799488
2 48 -0.020142882827282722
2 49 -0.07993383368062543
2 50 -0.021800788774646973
2 51 -0.04338767170869878
2 52 0.01785758020623638
2 53 0.005269015239124106
2 54 -0.003192572591010711
2 55 0.006268972366935044
2 56 0.00801452129991306
2 57 -0.0019751993611745954
3 1 0.07785840091169628
3 2 -0.03425030380739455
3 3 0.0030553006710216865
3 4 0.005498754905191306
3 5 0.0707840479442707
3 6 -0.11758473787671088
3 7 0.011753727744754694
3 8 0.062307140765776356
3 9 0.1303231213312275
3 10 -0.15963279626861684
3 11 0.08508638100212479
3 12 0.018965758744495
3 13 0.09994229772257288
3 14 -0.17243625693327533
3 15 -0.006872896984838819
3 16 0.2686978468468769
3 17 0.026555435601517813
3 18 -0.08349843344688454
3 19 0.29972044724965957
3 20 0.06641693000945627
3 21 0.2823008705080069
3 22 -0.34372400567903955
3 23 0.0014078607124268984
3 24 0.09572200724021407
3 25 0.1426362583207976
3 26 -0.3463701971170686
3 27 0.020407284597452547
3 28 -0.2694564990964523
3 29 0.05241718160961483
3 30 0.21107010628959783
3 31 -0.15626788782329626
3 32 -0.12418624861055894
3 33 -0.06987488910724929
3 34 0.18654967422965313
3 35 -0.28246905224221946
3 36 -0.12221355636499545
3 37 -0.1697312896998232
3 38 0.12473873036098711
3 39 0.10867659284579378
3 40 -0.023001803655734943
3 41 0.03990070599894063
3 42 0.01049924158652294
3 43 0.001573134008206899
3 44 -0.03314256144550605
3 45 0.010280772243253697
3 46 -0.040622657314386794
3 47 -0.009753404845366779
3 48 -0.007344583940078765
3 49 0.036736725625459134
3 50 0.019005954805561796
3 51 0.009720725898213312
3 52 0.0034309657205062803
3 53 -0.001260538636945534
3 54 -0.02666232707927276
3 55 0.005918332115192593
3 56 0.00046346406307113216
3 57 -0.006204574050613261
4 1 0.12494297131190554
4 2 -0.014499054110592595
4 3 -0.06366663110433313
4 4 0.01606700119743119
4 5 0.18291340900210623
4 6 -0.1408450595634112
4 7 0.0607844439609578
4 8 0.0808381431894482
4 9 0.05379452177686196
4 10 -0.02237664639048523
4 11 -0.004324946822477605
4 12 0.08682375059538248
4 13 0.12359206307591032
4 14 -0.07101773823473695
4 15 -0.04177208388762679
4 16 0.07386907162029327
4 17 0.09318523354887161
4 18 -0.06028792561277376
4 19 0.2516276100206741
4 20 0.005739094358159587
4 21 0.11698000752050017
4 22 -0.3604621497578756
4 23 0.3853135755198662
4 24 -0.16221730950501553
4 25 -0.1731969606515397
4 26 0.18700139280121175
4 27 0.04000124021984931
4 28 0.25010665868790144
4 29 0.12484009805657192
4 30 0.17267837799588967
4 31 0.2202238306767879
4 32 0.32053040705091534
4 33 -0.18628416307261245
4 34 -0.07870208135843584
4 35 0.2017705672483856
4 36 0.23394899774560637
4 37 -0.010956784520291224
4 38 0.08958697430459224
4 39 -0.004434469992578967
4 40 -0.05191669566505058
4 41 -0.022725618128031217
4 42 -0.07448546429625907
4 43 0.015834138810612353
4 44 0.005810568090676292
4 45 0.012351787227158106
4 46 0.010780650280284644
4 47 -0.008300732409455714
4 48 -0.02460311689467372
4 49 -0.02933791799574972
4 50 -0.04594146430169936
4 51 -0.004277140761128486
4 52 -0.017212560260936965
4 53 0.007983009424586861
4 54 -0.002021147923343957
4 55 0.01297470770955414
4 56 0.002065290020851069
4 57 -0.005090338604713288
5 1 0.12422741810905101
5 2 -0.011463568453310246
5 3 -0.011264746291739567
5 4 0.003068845807885711
5 5 0.10705776098181419
5 6 -0.1517357188936162
5 7 0.11923881557702908
5 8 0.011714008188453725
5 9 0.08231618150646207
5 10 -0.15186453970390817
5 11 -0.04757602186993178
5 12 -0.0903763368748782
5 13 0.011069561548468939
5 14 0.10358722159919233
5 15 -0.10459906121731628
5 16 -0.09098465616609898
5 17 0.21991302955134168
5 18 -0.1815994051828906
5 19 0.08869029918828819
5 20 -0.4944885336229677
5 21 0.1298838700735852
5 22 -0.011603258172630995
5 23 0.07176841331411474
5 24 0.033116169359834566
5 25 0.04177620103084644
5 26 0.1827791061477537
5 27 -0.3513987057401007
5 28 0.16450061955660092
5 29 0.11198422914980859
5 30 -0.22746793024038153
5 31 -0.34695145267109895
5 32 0.05163148759668882
5 33 -0.030545254215636565
5 34 -0.038920618231928994
5 35 -0.1558021028751666
5 36 -0.09308313368994782
5 37 0.09515277409996342
5 38 -0.10831219052602743
5 39 0.060385499449649604
5 40 -0.1653021411522381
5 41 0.030216322338472778
5 42 0.11760305450155625
5 43 -0.08509828881125878
5 44 -0.03904925695980361
5 45 -0.1286930825933666
5 46 -0.04720441922725081
5 47 -0.004409762182717336
5 48 -0.003190248526892475
5 49 -0.016325347094867413
5 50 0.06207870904340231
5 51 0.01125885794706613
5 52 0.032537255064088666
5 53 -0.003928565858488593
5 54 0.0019172586992808626
5 55 -0.007469355859914142
5 56 0.015984391363309855
5 57 -0.003616527531028373
6 1 0.0997381504239629
6 2 0.005401860159941964
6 3 -0.03336773971293999
6 4 -0.04721552246514016
6 5 0.1232059101459863
6 6 -0.15463597375089147
6 7 0.1275495221214707
6 8 0.08086868749594257
6 9 0.14062978913222962
6 10 -0.04503180424129895
6 11 0.09988763561949925
6 12 0.04358593752193236
6 13 0.2215077641367075
6 14 -0.31265830144412604
6 15 0.09696812850172788
6 16 0.1323057124240022
6 17 0.010628104597371969
6 18 -0.1074865265871803
6 19 -0.017988191741028774
6 20 0.02227972679275713
6 21 -0.33479874734766135
6 22 0.10631736634140881
6 23 -0.015949197998639995
6 24 -0.14141884305220642
6 25 -0.1528491285316309
6 26 0.28281399061075385
6 27 0.010223030616317779
6 28 0.291556592285087
6 29 -0.20132342653211158
6 30 -0.08090173664121504
6 31 0.12813814681528604
6 32 -0.2282282898903241
6 33 -0.04959071854633716
6 34 0.3041025302203883
6 35 -0.12970201825933853
6 36 -0.2140736875739036
6 37 -0.241061420456541
6 38 0.02398142102667456
6 39 0.14652250253441254
6 40 -0.021554913226875243
6 41 0.08686759992443266
6 42 0.05596968224884941
6 43 0.011832712310486371
6 44 0.03374021462691894
6 45 0.018285683366161563
6 46 0.06288748286172215
6 47 -0.001873815386413657
6 48 -0.010868036869200189
6 49 0.008702983468177192
6 50 -0.040422489443766266
6 51 -0.008844306777015943
6 52 -0.016449880815866517
6 53 0.007797718885554773
6 54 0.008038778997633916
6 55 -0.0034743390512807486
6 56 -0.0031449249921983906
6 57 0.0203738400123171
7 1 0.1874630700388463
7 2 0.02732532814832159
7 3 -0.0643876801056541
7 4 -0.16982609704332924
7 5 0.03570876768335874
7 6 -0.010935842570097776
7 7 0.040536917082505064
7 8 0.03155256005565019
7 9 -0.007792159358084979
7 10 -0.040171473217155154
7 11 0.005602000989724066
7 12 -0.002664272896419501
7 13 0.032303699017163456
7 14 -0.2157449504243234
7 15 -0.09111002489825946
7 16 -0.044157879159242915
7 17 -0.35578159563383294
7 18 -0.25758521793277567
7 19 -0.06684490463602703
7 20 -0.02460817621533854
7 21 -0.3781524048987943
7 22 -0.10773771482045623
7 23 -0.05366841309095142
7 24 -0.03895800680128252
7 25 0.1437346798426109
7 26 -0.21913734341558275
7 27 0.08433298535912645
7 28 0.028409403936124445
7 29 0.2391539302443524
7 30 -0.09312041983526718
7 31 -0.13774163382039062
7 32 0.44826692569517257
7 33 0.2065460149624432
7 34 -0.06282511429008926
7 35 0.07830502757531634
7 36 -0.15606150114814765
7 37 -0.0736641869763154
7 38 0.09885614221745279
7 39 -0.00035161113652472376
7 40 0.05535447522967682
7 41 0.06231592871253282
7 42 0.14411719394349728
7 43 -0.10275582445596884
7 44 -0.026124994314348265
7 45 -0.007057769276890844
7 46 -0.02038219287312646
7 47 -0.033547211400527265
7 48 0.02394391708053513
7 49 -0.01737495029446682
7 50 -0.07972924525969728
7 51 -0.061067022048674084
7 52 -0.059681106224273126
7 53 0.0009608602644388098
7 54 0.0060255718205876685
7 55 -0.013752090160988197
7 56 -0.023529704067540187
7 57 -5.0622781607061575e-05
8 1 0.32701182108894933
8 2 0.05335368407733681
8 3 -0.3319706752647234
8 4 0.44181787210723417
8 5 0.5639188342810224
8 6 -0.1484285388905514
8 7 -0.16770073315260625
8 8 -0.05270431154211007
8 9 -0.257921518026373
8 10 -0.047828120737212314
8 11 -0.06185272044511603
8 12 0.092774831370716
8 13 -0.058239486209598686
8 14 0.05921737641594707
8 15 0.02530316102689873
8 16 0.007684017924921369
8 17 -0.09208875175344049
8 18 0.000785883989739269
8 19 -0.08460197192743941
8 20 -0.004763812224805448
8 21 0.02909317075449311
8 22 0.008553782259241057
8 23 -0.02280372185987511
8 24 0.008869083171688802
8 25 0.03187373126392853
8 26 -0.03447260267334835
8 27 0.01494309395444564
8 28 -0.04384123133575459
8 29 -0.027872757595454302
8 30 -0.0046275116765881735
8 31 -0.009776448670616235
8 32 -0.0274891339571356
8 33 -0.024125559898370546
8 34 0.012003725922990198
8 35 0.03071030965459485
8 36 0.013988937908198253
8 37 0.0023812014229839798
8 38 -0.010793659310881425
8 39 0.007525796174451712
8 40 0.02214517399372711
8 41 0.04184440360770117
8 42 0.008912501600577454
8 43 -0.0019888591094364308
8 44 -0.016002305935096342
8 45 -0.04276513404874323
8 46 0.007596649561765378
8 47 -0.0023583948851962667
8 48 0.027273284417485825
8 49 -0.016454533252368536
8 50 0.025353675005945743
8 51 0.003086863970403088
8 52 0.006736191738511927
8 53 -0.002180013232772215
8 54 0.011323637885028198
8 55 0.02543162470017618
8 56 0.014009521570911263
8 57 0.30437959861554437
9 1 0.33229368311541646
9 2 0.041963593162526555
9 3 -0.3421769472260574
9 4 0.42580019529543794
9 5 0.5694644279274064
9 6 -0.14814019003247655
9 7 -0.14819466548630245
9 8 -0.054286678301326434
9 9 -0.26287503980616006
9 10 -0.045179607095624075
9 11 -0.07036810984677049
9 12 0.0997349005677144
9 13 -0.05249690668966165
9 14 0.035484569110221346
9 15 0.031935502474340495
9 16 0.004976547092597592
9 17 -0.09018252546238202
9 18 -0.0019509390918083331
9 19 -0.09440099067784931
9 20 -0.0017216003772000871
9 21 0.004595622708465724
9 22 0.027557665799646847
9 23 -0.03273431777611644
9 24 0.0018034157346487893
9 25 0.022565623903475766
9 26 -0.010538956371056021
9 27 0.0186402696846143
9 28 -0.012518232771096307
9 29 -0.04288760223119472
9 30 -0.008836527351563317
9 31 0.01150584729215785
9 32 -0.052047018121410944
9 33 -0.01766720094052584
9 34 0.03446410948046182
9 35 0.01809732031516647
9 36 0.004376136940487605
9 37 -0.009602217326642383
9 38 -0.010360613679830238
9 39 0.005509288347276799
9 40 0.040044105665872264
9 41 0.04185227637869769
9 42 0.020053933281060442
9 43 -0.010696816259414365
9 44 -0.010837501609185608
9 45 -0.0201428023676876
9 46 -0.004030312334654535
9 47 -0.008993131044538312
9 48 0.008606298542706788
9 49 -0.014269699581983916
9 50 0.04289337343986978
9 51 -0.010964143911857111
9 52 0.00812957689612163
9 53 -0.005601154881314883
9 54 -0.014495676691475721
9 55 -0.023046463743020294
9 56 -0.014047702572122534
9 57 -0.3042206789559325
10 1 0.04742728222637715
10 2 -0.04277700366895017
10 3 0.05038670491169538
10 4 0.010880394627845453
10 5 0.018541325422869705
10 6 -0.020891248151140154
10 7 0.03246088310302408
10 8 -0.02067410947111535
10 9 0.07028647289297606
10 10 -0.034244965286743985
10 11 0.04432234113286549
10 12 0.04242646814694122
10 13 -0.08381109771064124
10 14 -0.027401026286046102
10 15 -0.025241094637088107
10 16 0.060209566497086704
10 17 -0.20487139662278422
10 18 -0.02170338074278844
10 19 0.012529330037802953
10 20 0.016205896717001365
10 21 0.2047386208129198
10 22 0.1384307303004539
10 23 -0.035390450002803185
10 24 0.4543831075633336
10 25 -0.715044103173719
10 26 -0.2697190812406639
10 27 -0.07389700596339889
10 28 0.16294396859117885
10 29 0.02482712914266918
10 30 -0.1231132739933795
10 31 -0.00017916044261579714
10 32 0.08830443638833606
10 33 0.03767203365605419
10 34 0.10907612163103284
10 35 0.050229742294482405
10 36 -0.015523011191881863
10 37 -0.0005751763213198086
10 38 0.01676509941062469
10 39 0.0022993370490797145
10 40 -0.010767761760169659
10 41 0.0034299651934574346
10 42 0.0035731851746354385
10 43 -0.022815283902572616
10 44 -0.004905909184526211
10 45 -0.0038277236161267554
10 46 0.007640980111125895
10 47 -0.015192271767107277
10 48 -0.0004883193466473337
10 49 0.008516943902539126
10 50 -0.0085428134390742
10 51 0.00962331073677991
10 52 -0.002203640154557808
10 53 -0.00935619522295927
10 54 -0.010438866048186227
10 55 -0.0033839474927144703
10 56 0.000701448648985103
10 57 0.00019426396917193576
11 1 0.11577430540515987
11 2 -0.050531731195831785
11 3 0.05735551930919513
11 4 -0.018306868588896043
11 5 0.011309050912176155
11 6 -0.12950773261556037
11 7 0.09673782588194513
11 8 0.04624606075896355
11 9 0.14225589086602586
11 10 -0.0046494458300762025
11 11 0.06301963882383
11 12 -0.06144080473855578
11 13 -0.09701044451418193
11 14 0.12746055199689368
11 15 -0.04750285455643704
11 16 -0.21912828974796442
11 17 -0.4173328519875804
11 18 -0.16248350773273834
11 19 0.2931192191947054
11 20 0.13890123869162255
11 21 0.06233824223971178
11 22 0.2169038373624003
11 23 0.08758038673852145
11 24 0.0016184391386266667
11 25 0.16285535730610778
11 26 -0.0779957396229965
11 27 -0.03230531961547239
11 28 0.13873083232718214
11 29 0.01290453538857266
11 30 -0.1605630653962967
11 31 -0.004108101905639421
11 32 -0.2753856863683178
11 33 -0.3270902365031264
11 34 -0.34619266860675896
11 35 0.03008745630166463
11 36 0.07640352092727369
11 37 -0.29347947190893364
11 38 0.0493429122656869
11 39 -0.04970123781126663
11 40 0.01541985335190314
11 41 0.0008930476814310265
11 42 0.02537367980998989
11 43 0.004304604955489122
11 44 -0.008161722569484596
11 45 0.03406342167023248
11 46 -0.03255313900398542
11 47 0.019262452715188106
11 48 -0.009372862372562603
11 49 0.010752757635301178
11 50 -0.018937962730438206
11 51 -0.008281391989713258
11 52 0.0041263251637955025
11 53 -0.012354403262254478
11 54 0.005299430401429926
11 55 -0.0005311441568004304
11 56 0.0001638127941078329
11 57 -0.00024936227065487887
12 1 0.26342632909082364
12 2 0.0037949499857683954
12 3 -0.10147670417872684
12 4 0.11616972114746017
12 5 0.05709779669240177
12 6 -0.03945815630655281
12 7 0.09895154586126227
12 8 0.08026896662254487
12 9 0.29814801619755144
12 10 0.618587836596098
12 11 -0.1350102784557304
12 12 0.06898178741059832
12 13 0.10853380184329828
12 14 -0.09204858550975425
12 15 -0.13781926256889868
12 16 -0.04374738606525028
12 17 -0.0336196195972315
12 18 0.02589848316767352
12 19 -0.03198989280483763
12 20 -0.10727595517936174
12 21 0.044599212973063816
12 22 -0.015750976816970522
12 23 -0.03614939173563889
12 24 0.010185921350472426
12 25 0.006516689445522331
12 26 -0.016392364779752994
12 27 -0.006812318169726941
12 28 -0.10640987049702262
12 29 0.026545625828463405
12 30 -0.012664876943778604
12 31 0.0061026094263685335
12 32 -0.03138431996596652
12 33 -0.011795441635048677
12 34 -0.05122830271237403
12 35 -0.03628449168112554
12 36 0.017536422169752156
12 37 0.07094506347616347
12 38 0.023177179828414655
12 39 -0.0489841513596133
12 40 0.018264492550431524
12 41 0.045973623947820244
12 42 0.008722536745455393
12 43 0.0027625394268576274
12 44 0.06550468852191105
12 45 -0.134953408202026
12 46 0.2776658764077906
12 47 -0.1533986375918333
12 48 -0.13663784088170267
12 49 0.36775593239190113
12 50 -0.03190765030344634
12 51 0.09861052049145362
12 52 -0.12043803948081674
12 53 0.027412836873970024
12 54 0.008845945116707717
12 55 -0.0007248498828586571
12 56 0.02206808802838465
12 57 -0.003081680447334588
13 1 0.1582259701783895
13 2 -0.07441859303533058
13 3 -0.08575200919630098
13 4 0.14392358724534524
13 5 0.039975566359732526
13 6 -0.013663224302197872
13 7 0.12740172297253832
13 8 0.06656734972372612
13 9 0.29564969089220433
13 10 0.6492103641422512
13 11 -0.0871614940041522
13 12 -0.003439402436293312
13 13 0.12005946054464667
13 14 -0.06059945990069382
13 15 -0.23024433558201873
13 16 -0.02590121274436416
13 17 0.011562829887687321
13 18 0.0406617598450336
13 19 -0.062272250203162106
13 20 -0.04099456726524712
13 21 -0.013415536840705303
13 22 -0.07854857028200397
13 23 0.007603819607594313
13 24 0.05612847914989251
13 25 -0.03290028745922858
13 26 -0.009960255751519367
13 27 0.005456706410353206
13 28 -0.07354316699278073
13 29 -0.0027715162733713238
13 30 0.024177331749577723
13 31 -0.014745762029961982
13 32 -0.0555001926075072
13 33 -0.017458227920486687
13 34 0.027143459757835352
13 35 0.05028199557480029
13 36 -0.03327635058587725
13 37 -0.04355004250555232
13 38 -0.1160044770703098
13 39 0.056386666810771216
13 40 0.07815587008645247
13 41 0.0031980481189667126
13 42 0.0008837181975615833
13 43 -0.03446734438860061
13 44 -0.07822180277349379
13 45 0.07202940290761034
13 46 -0.2609259077223595
13 47 0.14227984431068322
13 48 0.16790362032810197
13 49 -0.3533451951772372
13 50 0.06296106424567413
13 51 -0.07536896042270239
13 52 0.09610251436199749
13 53 -0.022084948290981826
13 54 -0.014891837232863074
13 55 0.011331414680279739
13 56 -0.01786781496863352
13 57 0.002105571429108278
14 1 0.21552880719704456
14 2 0.038512501480021805
14 3 0.07762455041731114
14 4 0.1574548496495078
14 5 -0.1813089906957104
14 6 -0.054543276322894865
14 7 0.4081054746477651
14 8 0.35979466188627396
14 9 -0.32829893652698117
14 10 -0.1261025345066282
14 11 -0.18183004754689783
14 12 0.06265358432076085
14 13 -0.033653031316188284
14 14 -0.19595404292003493
14 15 -0.15962499931839988
14 16 -0.16669431157599093
14 17 0.06314383667327124
14 18 0.017348846741792774
14 19 0.01958103198680608
14 20 0.036462283777079496
14 21 -0.008860751433038454
14 22 0.00790041233871463
14 23 -0.08423289072699237
14 24 0.03844798423463747
14 25 -0.0006582668211878383
14 26 -0.028883804667188987
14 27 0.023383658930886918
14 28 -0.013777253803866171
14 29 -0.0362564952630339
14 30 0.03894175132205599
14 31 0.040080555574221216
14 32 0.020905587592341835
14 33 -0.026197191544688563
14 34 -0.04560023154619923
14 35 0.0011928109042740065
14 36 -0.03446631978035871
14 37 0.007116242166269825
14 38 0.04730526937559798
14 39 0.01607402855803776
14 40 -0.03276571532864966
14 41 -0.03453805162446726
14 42 -0.03602013979425891
14 43 0.008838433021306078
14 44 -0.025929083550295644
14 45 -0.07204091406359499
14 46 0.11467973977262459
14 47 0.21993522158704135
14 48 0.2970879241201746
14 49 0.04035675655795393
14 50 -0.0611561524453804
14 51 0.3602405296645527
14 52 0.09779798172207818
14 53 -0.013595187804392363
14 54 -0.059215675182680075
14 55 -0.017656713997418663
14 56 0.01572177099893772
14 57 -0.004566663112717923
15 1 0.16804482847457694
15 2 0.024664753216899215
15 3 -0.006201952940098459
15 4 0.15718977595330966
15 5 -0.1358284899295573
15 6 0.009814075318207705
15 7 0.4139473575677551
15 8 0.3024227633156445
15 9 -0.27842968222986747
15 10 -0.1316451141289847
15 11 -0.22123148126275807
15 12 0.07105712445206233
15 13 -0.07096341631745592
15 14 -0.2073693799709509
15 15 -0.24216990006656278
15 16 -0.22898081641165097
15 17 0.14574475092883454
15 18 0.07796716113188042
15 19 0.05056536536161099
15 20 0.06729335161583888
15 21 -0.02592995586433349
15 22 0.04542257264726177
15 23 -0.1249913121126659
15 24 0.07694272317098264
15 25 -0.005570523983222842
15 26 -0.014898967434014719
15 27 -0.03192511102674419
15 28 -0.03786272780138461
15 29 0.0492397214833077
15 30 0.07125016188685093
15 31 0.03239208848277339
15 32 -0.05549142055324103
15 33 -0.05286039468592011
15 34 0.08739655278209008
15 35 0.011826593779309901
15 36 0.06100132129164374
15 37 -0.03725627546800665
15 38 -0.03323351651789574
15 39 -0.08820226335898404
15 40 -0.07749394573571741
15 41 -0.02583097910460253
15 42 0.009763971982892364
15 43 -0.003594764064893004
15 44 0.02090938737020773
15 45 0.040558252052665306
15 46 -0.07226159495611784
15 47 -0.16867916032958008
15 48 -0.25787756500652
15 49 -0.05370192542614371
15 50 0.06865603282197161
15 51 -0.35353885440167926
15 52 -0.12134881251368743
15 53 -0.02127908110073911
15 54 0.04221009466326711
15 55 0.02537667936671324
15 56 -0.013985864453565892
15 57 0.008668152905193197
16 1 0.3186431622154865
16 2 0.07789170707390435
16 3 -0.11484880045803178
16 4 0.3638470546350842
16 5 -0.1260983999749712
16 6 0.10308613901647176
16 7 -0.09358874337658253
16 8 -0.020362281168620516
16 9 0.17929024419145537
16 10 0.05309022818168064
16 11 0.17866737840533645
16 12 0.0548554230688041
16 13 0.056648934576889964
16 14 0.16320483155127594
16 15 0.07512604545553404
16 16 -0.026696093259971732
16 17 0.10284597835864563
16 18 0.021988732867740626
16 19 0.14951028995127358
16 20 0.1331651651696746
16 21 -0.17442717520293388
16 22 0.05585181269030939
16 23 -0.04814572142388672
16 24 0.02423424955961264
16 25 0.014849161142003605
16 26 -0.02514452656465602
16 27 -0.0711201076700604
16 28 0.011709926136877317
16 29 0.10238917261404601
16 30 -0.042523452817704026
16 31 0.012485825261536193
16 32 0.07365781110282493
16 33 0.09242956813697897
16 34 0.01999195457918697
16 35 -0.007187098473342062
16 36 -0.1713644677002999
16 37 -0.028094018527939614
16 38 0.18893994254468754
16 39 -0.29046133859964024
16 40 -0.47582697573020144
16 41 -0.003948947761179073
16 42 -0.12775361221088577
16 43 0.25593821028558883
16 44 0.022532932099724814
16 45 -0.022114710198274698
16 46 -0.006633274820770509
16 47 -0.002071981524133274
16 48 0.06422574219438991
16 49 -0.032672844386173266
16 50 0.05404566001773448
16 51 -0.0012440231558415028
16 52 0.03962573808218983
16 53 0.002177824792505575
16 54 -0.03403697190544148
16 55 0.09484818959553364
16 56 -0.07133032756878269
16 57 -0.00798902150081978
17 1 0.48117338810552995
17 2 0.14230776849606422
17 3 -0.22104366290903457
17 4 -0.3197517767133608
17 5 -0.14661896725425472
17 6 0.13156920701663663
17 7 -0.1342763450389711
17 8 -0.0329845237784907
17 9 0.022153784755585697
17 10 -0.09402101428151549
17 11 0.015017778267813734
17 12 -0.09113225721748999
17 13 -0.022384751259229212
17 14 -0.2534277037671369
17 15 0.01783515994945528
17 16 -0.0851093044003033
17 17 -0.22263486780990296
17 18 -0.00223158118647493
17 19 -0.21322626223429716
17 20 -0.20399344170058553
17 21 0.025766180434137278
17 22 -0.1274452692990197
17 23 0.012308430661953553
17 24 -0.03870515926887768
17 25 -0.0011677245854079354
17 26 -0.01755294623498681
17 27 0.0034709339474178684
17 28 -0.01273048915055291
17 29 0.027320458178072972
17 30 -0.03269476646969632
17 31 -0.014466906060228
17 32 -0.13904777261988266
17 33 -0.17441230252652107
17 34 0.13372915956211462
17 35 0.0259230233739746
17 36 0.18543780627479645
17 37 0.10155279902363755
17 38 -0.023318266499632805
17 39 -0.04696352572789256
17 40 -0.10471695233246034
17 41 0.0078162496552157
17 42 -0.16682303098981927
17 43 0.0932941399501777
17 44 0.03150014519692082
17 45 0.04198930566123841
17 46 -0.08268203479120699
17 47 0.023465383224043564
17 48 -0.006124564051414585
17 49 0.03830822081859167
17 50 0.14833067120637106
17 51 0.0640058712487623
17 52 -0.01232803630665304
17 53 0.010106400896993259
17 54 -0.029569273305977674
17 55 -0.18174150827936789
17 56 -0.23611359511203897
17 57 0.018873968465233527
18 1 0.4804505798792607
18 2 0.1442651108032058
18 3 -0.25406304745070923
18 4 -0.5196084152020027
18 5 -0.021906330286256496
18 6 0.17202315414750738
18 7 -0.02578440771276885
18 8 0.02559557173607176
18 9 -0.127494899789786
18 10 0.0051809817760853204
18 11 0.24214268043118964
18 12 -0.03785426117716225
18 13 -0.07813896472307934
18 14 -0.03891707910986867
18 15 -0.05751367898126082
18 16 -0.0024212869906764965
18 17 -0.10724492543755
18 18 0.028857060161927277
18 19 -0.16447933916829818
18 20 -0.09453636134303117
18 21 -0.031355149385487904
18 22 -0.10402963511657534
18 23 -0.006567689069075343
18 24 -0.018519777416656953
18 25 -0.034570138133654414
18 26 -0.02425733634684254
18 27 -0.032131343620814455
18 28 -0.03076871570841043
18 29 0.086293968535598
18 30 0.012380412132648956
18 31 -0.002613903446579825
18 32 -0.12379977410531516
18 33 -0.08187512808256787
18 34 0.0566592786777588
18 35 -0.024855303271778432
18 36 0.11861747694174057
18 37 -0.025024683763877262
18 38 -0.07852558559601582
18 39 -0.03574056793024213
18 40 -0.07127401193059668
18 41 0.05453243272424535
18 42 -0.09096604673901787
18 43 0.08174200397194
18 44 -0.01492391326817635
18 45 -0.07432234588127301
18 46 0.049328860250818514
18 47 -0.004940280686134115
18 48 0.05428536381074754
18 49 -0.07270973511656403
18 50 -0.027458122745905443
18 51 -0.023472931787193563
18 52 -0.006931713038332337
18 53 0.013682791651681517
18 54 -0.008531028313240926
18 55 0.2093280238420763
18 56 0.2998314817578046
18 57 -0.021872071415839675
19 1 0.31172010590078075
19 2 0.02912865745056335
19 3 -0.11809707154729315
19 4 -0.26507501893809987
19 5 0.005525464743849409
19 6 0.18080155654036434
19 7 -0.04492509389673993
19 8 -0.06919091982324715
19 9 0.09928199353801126
19 10 -0.061515978925233604
19 11 -0.5564687995614763
19 12 0.20692507102023586
19 13 0.0802274278609656
19 14 0.17864771589461068
19 15 0.11491720530381004
19 16 0.13154340207621265
19 17 0.08496772309202087
19 18 -0.09763993588699862
19 19 0.13075621743303825
19 20 0.10551471034735851
19 21 -0.009815704538690967
19 22 0.13400440724207102
19 23 -0.06408070969427161
19 24 0.04676255552700628
19 25 0.01851494816818534
19 26 0.0224596663547492
19 27 -0.0022751935397124427
19 28 0.024180225387585588
19 29 -0.06593567820625215
19 30 -0.007039123624376767
19 31 -0.02432874659312471
19 32 0.0539237110886874
19 33 -0.026842264951949663
19 34 0.006786831526507975
19 35 -0.05397072394342604
19 36 0.01214902176174158
19 37 -0.017842943897657913
19 38 -0.01528620130585027
19 39 0.005307746206910074
19 40 -0.016736698375013247
19 41 0.005570552232926466
19 42 -0.050123676168228215
19 43 -0.02208105888037861
19 44 -0.030417958280144892
19 45 0.050812292972415615
19 46 -0.1445453282905214
19 47 0.050218337209343926
19 48 0.0831611973395492
19 49 -0.06030041330285411
19 50 0.016363765352323197
19 51 0.11663624003992908
19 52 -0.4306151366130727
19 53 0.13548924568981865
19 54 -0.010458971234571486
19 55 -0.006262986590980846
19 56 0.04004363177571213
19 57 0.00019040923693675136
20 1 0.33045980010269965
20 2 0.0289814775355625
20 3 -0.13163730237044824
20 4 -0.3052776123898984
20 5 -0.01123728317178287
20 6 0.18233952484484034
20 7 -0.02184475041779269
20 8 -0.05958331709420942
20 9 0.13316401107016512
20 10 -0.07769475961754219
20 11 -0.563614493854745
20 12 0.2056479814436905
20 13 0.058783013881734875
20 14 0.12420116216341973
20 15 0.04844234775930466
20 16 0.09914467629513342
20 17 -0.011757252831829674
20 18 -0.10174602438031097
20 19 0.05334792971054155
20 20 0.10584285736093545
20 21 -0.028991003291304638
20 22 0.041677176166349306
20 23 0.008062097715731896
20 24 0.00868767908278799
20 25 0.029652203547554906
20 26 -0.022171663922002528
20 27 0.015601341580237682
20 28 -0.011250062589698502
20 29 -0.016688892880915553
20 30 -0.019074073475458805
20 31 0.021138951515678076
20 32 0.032811563812593196
20 33 -0.015892735882559204
20 34 0.05092841834337628
20 35 0.08054379579041089
20 36 -0.061678909615831175
20 37 -0.018773335050005047
20 38 -0.040199978888231395
20 39 0.07339272940596567
20 40 -0.034312961895407196
20 41 -0.1096405409411739
20 42 0.009051198210439067
20 43 -0.0016409622553952717
20 44 0.02035818154504497
20 45 -0.0077210211253277315
20 46 0.06019860002758313
20 47 0.009915796369944427
20 48 -0.11574189944840829
20 49 0.0892956026630836
20 50 0.05037378423814186
20 51 -0.0701912663209633
20 52 0.4463866309249474
20 53 -0.16674991958011817
20 54 0.03372794567808744
20 55 0.0021186776250481923
20 56 0.032683786481953
20 57 0.0024640365207222997
21 1 0.23978836241607504
21 2 0.04481408676605204
21 3 -0.023260818545995904
21 4 -0.19270799651255582
21 5 0.0703843985809021
21 6 -0.12642031233451775
21 7 -0.05683485876002478
21 8 -0.00029879594024217484
21 9 -0.04737704692338243
21 10 0.17110600378186322
21 11 0.025572257673768948
21 12 0.07843329150421234
21 13 0.009253987318886991
21 14 -0.2637716725601893
21 15 0.4466869918294613
21 16 -0.28886503581516215
21 17 0.12039910243395513
21 18 0.11570686411162334
21 19 0.10118337031584827
21 20 -0.0011419793801972149
21 21 0.03661514187174619
21 22 0.05361744695083941
21 23 -0.051034651415137085
21 24 0.028378976920335072
21 25 -0.02331069830696464
21 26 0.01016485846703505
21 27 0.010340169359332706
21 28 0.038143919127852845
21 29 0.024659307023002522
21 30 -0.08530838299620408
21 31 0.04040992334326123
21 32 -0.029664028621434697
21 33 0.02054643314176612
21 34 -0.10131481814158351
21 35 -0.21457731771859853
21 36 0.061893614172431256
21 37 0.25668695048897644
21 38 0.44852619570830743
21 39 -0.014448160405917496
21 40 0.05103372350709375
21 41 -0.09533975307320279
21 42 0.1096850240673482
21 43 -0.17744795788411907
21 44 0.0028874178366233906
21 45 0.11876168814875362
21 46 -0.15321988344913579
21 47 -0.0022313028432702706
21 48 -0.006386137763975156
21 49 -0.01020402509511163
21 50 0.008641364731115772
21 51 -0.008723152115274326
21 52 0.06309493489452536
21 53 -0.036794783526797034
21 54 0.005744511714155614
21 55 0.03615588864775341
21 56 0.04131465771708709
21 57 0.003801873339291398
22 1 0.371249522335866
22 2 0.06948869332568498
22 3 -0.13934310996280422
22 4 -0.502912859076611
22 5 0.1388437489460312
22 6 0.07601797604262474
22 7 0.06311652227231002
22 8 0.05846670392999106
22 9 -0.1845312414807683
22 10 0.12964804553428702
22 11 0.1753230520770617
22 12 0.09896659026873475
22 13 -0.03838372050809892
22 14 0.21475449588231324
22 15 -0.015867654129409596
22 16 0.06019929147827119
22 17 0.1932108487754079
22 18 0.08877540693690436
22 19 0.06039073852221604
22 20 0.07907529673635266
22 21 0.08898400625273331
22 22 0.02315218591894038
22 23 -0.012455232177734884
22 24 0.03593910741099632
22 25 -0.040987021900966786
22 26 0.02238349589090227
22 27 -0.06292525571836033
22 28 -0.05243053451523867
22 29 0.00032627495215320967
22 30 0.03784148414019525
22 31 0.023713655201039074
22 32 -0.07098137304407455
22 33 0.05103894370549734
22 34 -0.11026239480806206
22 35 -0.041610824334600616
22 36 -0.07977469294565301
22 37 -0.06369183805801155
22 38 0.04611406084867595
22 39 0.0016432097418639289
22 40 0.012471262437232162
22 41 -0.0071545473797482405
22 42 0.11204166181587619
22 43 -0.001426436153167631
22 44 -0.044455398540592425
22 45 -0.19915770261376686
22 46 0.19342678556954684
22 47 -0.019856208418022884
22 48 0.06438063604630655
22 49 -0.16530567058430298
22 50 -0.3360421889665843
22 51 -0.13494013307440741
22 52 -0.011603483411487208
22 53 -0.0024853733199126913
22 54 0.0372473321330567
22 55 -0.11110200858144138
22 56 -0.1760449146803064
22 57 0.005534295257863619
23 1 0.24219514740176554
23 2 0.03807228549206368
23 3 -0.10747731627296253
23 4 0.031692157429196066
23 5 0.22764369975714074
23 6 -0.032334524656608236
23 7 0.18202179657950657
23 8 -0.219157757863026
23 9 0.04796252604626604
23 10 0.033863510097279045
23 11 -0.10356551885269479
23 12 -0.6144417628145683
23 13 -0.18572332338307124
23 14 -0.0767899350010868
23 15 -0.0534043932480722
23 16 0.029266394832510492
23 17 0.0848751981690294
23 18 -0.006560839152905334
23 19 -0.01732605707486823
23 20 0.040168110082866075
23 21 0.018511283752635065
23 22 0.04051383086626819
23 23 -0.0007763608082608977
23 24 0.004522021610568994
23 25 -0.01054676015511156
23 26 0.009278187888801224
23 27 0.03866872824745656
23 28 -0.030179238135477873
23 29 -0.006499511967857419
23 30 0.024852966138795278
23 31 -0.03217722386740137
23 32 0.044782746009855066
23 33 0.059023388309617855
23 34 0.004736217548303913
23 35 -0.033009545551923036
23 36 -0.03263114825861408
23 37 -0.018070657975406124
23 38 -0.06919487814782528
23 39 0.052071218003750204
23 40 -0.14670087817900934
23 41 -0.23564834477167168
23 42 -0.05071934814626213
23 43 0.07170519209203084
23 44 0.07557225712175314
23 45 0.31190838945080784
23 46 -0.06553330754574963
23 47 0.07626536140065562
23 48 -0.10914028812447427
23 49 0.07242454545587565
23 50 -0.3265792054648261
23 51 0.058052367382917185
23 52 -0.011515239115469327
23 53 -0.012971404995756688
23 54 0.02172591167568999
23 55 -0.010400891643611765
23 56 0.0245719270243593
23 57 -0.000707883433501095
24 1 0.2796694250824597
24 2 0.025560004330580074
24 3 -0.13307087538274934
24 4 -0.3643851858970786
24 5 0.17937068646980056
24 6 -0.030225623256662566
24 7 0.19500089035271922
24 8 0.07915161922389513
24 9 -0.16931731248031237
24 10 0.0699288285068111
24 11 0.30995082761065706
24 12 0.01862411263054052
24 13 -0.047125663117295755
24 14 0.1776102840296449
24 15 -0.1186261395410091
24 16 0.0712199175444145
24 17 0.18140200565583703
24 18 0.05692744311933876
24 19 0.09035835010178524
24 20 0.09839819469858091
24 21 -0.08749193525533538
24 22 -0.034006740506550934
24 23 0.027291730583800192
24 24 -0.024708972537609133
24 25 -0.12883544821388843
24 26 0.03234762533447826
24 27 0.006172916189441472
24 28 -0.007668664261110796
24 29 -0.04065648324468664
24 30 0.04628907679993938
24 31 0.024635738716062734
24 32 0.04968096210356273
24 33 0.18058848550359524
24 34 -0.21221277298388583
24 35 -0.056013596131649857
24 36 -0.15518842040726474
24 37 -0.1404416789625922
24 38 -0.14775432026142113
24 39 -0.09329932077499277
24 40 0.11566643504931702
24 41 0.008829405143677414
24 42 0.003602064088146548
24 43 -0.052550656152428196
24 44 0.0006375555070775552
24 45 0.20253776363705503
24 46 -0.15587408752433746
24 47 -0.024421102322792463
24 48 -0.06602670286074343
24 49 0.20062015024382387
24 50 0.34494980653047597
24 51 0.13559985042003128
24 52 0.02221843767143605
24 53 -0.017870806712389505
24 54 -0.004577115534749916
24 55 -0.020585169862462595
24 56 -0.031326898864416704
24 57 0.010587210251422336
25 1 0.44709762270861064
25 2 0.15606898258983995
25 3 -0.27870356752443626
25 4 0.40049991710089705
25 5 -0.32739861834788686
25 6 0.20563931170230015
25 7 -0.1887484269347872
25 8 -0.029200926818428116
25 9 0.20373469292057186
25 10 -0.15221299684054884
25 11 0.21538515862850444
25 12 0.01655924273409973
25 13 0.042193137208162854
25 14 -0.008660216348485175
25 15 -0.08887243674262117
25 16 -0.06737382347479888
25 17 0.1041670441893251
25 18 0.09589525714225239
25 19 0.12447318364642768
25 20 0.04069162372303192
25 21 -0.024672462536448832
25 22 0.03693594355972541
25 23 -0.003203093755382902
25 24 0.007625641297929374
25 25 -0.0049236077528181914
25 26 0.02521427207451278
25 27 -0.0018807123258390824
25 28 0.029621643178303167
25 29 0.03787936565591583
25 30 0.01803589456214001
25 31 0.05038889211227668
25 32 0.0340602850170162
25 33 0.04882574485581353
25 34 -0.014325682884666204
25 35 -0.027733511183086042
25 36 0.00639806399426425
25 37 -0.04196390786100552
25 38 -0.027002495385311263
25 39 0.005773526943777679
25 40 0.11393991348994913
25 41 -0.04465338703317511
25 42 0.06697818208467628
25 43 -0.08425258631936552
25 44 -0.014534364645352169
25 45 -0.0005343413123230153
25 46 0.006453434468626867
25 47 -0.013576889504769736
25 48 -0.013125825396502512
25 49 -0.03012088754502034
25 50 -0.02807146259878069
25 51 -0.015380021478287539
25 52 0.004814139834160591
25 53 -0.018414189915047847
25 54 0.015139195138843504
25 55 -0.31302938528141666
25 56 0.21484173750078897
25 57 0.0090119460183765
26 1 0.45041679539466334
26 2 0.1597561040900348
26 3 -0.3036499205244162
26 4 0.2862081213220106
26 5 -0.356101356344427
26 6 0.18102595664330592
26 7 -0.2028493251690421
26 8 -0.002769647378839528
26 9 0.15529046974345834
26 10 -0.20509763755005303
26 11 0.09815026894412739
26 12 0.007985548129938545
26 13 0.062048509640595835
26 14 -0.028917799758907736
26 15 -0.10285645434176685
26 16 -0.04385687867647928
26 17 0.052058603830526025
26 18 0.06501914546190013
26 19 0.06645187712327423
26 20 -0.02797814809738528
26 21 0.04103404011412149
26 22 0.05128799822345053
26 23 0.006420335878702129
26 24 0.005561036966426781
26 25 -0.01883851384729092
26 26 0.0492912995229388
26 27 0.016423033103500833
26 28 0.040673242894518735
26 29 -0.026903315331806107
26 30 0.01036216870606031
26 31 -0.0084466052040707
26 32 0.033171017651299387
26 33 0.019227387813901473
26 34 -0.06337203722250714
26 35 -0.061914219381324846
26 36 0.06018352131636633
26 37 -0.006643699703857115
26 38 -0.11545979503149696
26 39 0.1842018413961657
26 40 0.25230587748166217
26 41 -0.06329836024358124
26 42 0.09182290821671141
26 43 -0.12151371612791866
26 44 0.01108017501812299
26 45 0.07143492528579476
26 46 0.032057594520757134
26 47 -0.0050691685918280716
26 48 0.019105179144824166
26 49 0.0531164096705057
26 50 -0.07512560295293097
26 51 0.01675847918958883
26 52 -0.00535149405286547
26 53 0.013227434440537908
26 54 0.0031395728488776784
26 55 0.28511413674058783
26 56 -0.18295070742503283
26 57 -0.008747635695782163
27 1 0.09915024963213724
27 2 -0.030917951600917096
27 3 0.012207609374990217
27 4 -0.05898652008142116
27 5 0.097222406772186
27 6 -0.23808948720882406
27 7 0.18015141214963462
27 8 0.06040069813202209
27 9 0.3194105969384278
27 10 -0.2602184624258608
27 11 0.09533667413573935
27 12 0.020648029768698617
27 13 0.2943476103146448
27 14 0.01842495022230672
27 15 0.0777283978309289
27 16 0.04623549987142995
27 17 0.07105721869122389
27 18 0.034827529406249336
27 19 -0.28910309810644563
27 20 0.07745400371155507
27 21 0.03304844747664521
27 22 0.07501484689197159
27 23 -0.09311051305767251
27 24 0.06259937613932491
27 25 0.029523972144057577
27 26 -0.07802787683606265
27 27 -0.011592916441391016
27 28 -0.24097230497664818
27 29 -0.014930846624470726
27 30 -0.0013938305131848897
27 31 0.22664283344236677
27 32 -0.012190353010559292
27 33 0.06134613021268649
27 34 -0.15688908222489098
27 35 0.11974300427316784
27 36 0.2748013542304124
27 37 -0.005001108941943059
27 38 -0.114312423533911
27 39 0.060563872003841515
27 40 -0.3154706069770218
27 41 0.15269603970392903
27 42 0.3043744804889841
27 43 -0.13385551389655068
27 44 0.043727990372807786
27 45 0.030722466069127985
27 46 -0.05750425884254932
27 47 0.00538831623254281
27 48 0.028395911624158932
27 49 0.015189404935473612
27 50 -0.013544561600670375
27 51 0.02819340534275517
27 52 0.009376094550517034
27 53 0.011585757040602926
27 54 0.007213997004701787
27 55 -4.4056309693178355e-05
27 56 0.0012964109406525684
27 57 -0.002393349399576556
28 1 0.1639773489628579
28 2 -0.07634973004948023
28 3 0.046605867627219875
28 4 0.039101272514637436
28 5 0.002698877067744996
28 6 -0.00230464402626566
28 7 0.2291208377979279
28 8 -0.14923615223680728
28 9 0.04423196824497387
28 10 -0.028346992990216757
28 11 -7.402508141208088e-06
28 12 -0.05037416056352018
28 13 0.14037335189266903
28 14 0.09699786943526997
28 15 0.06060603923622105
28 16 -0.13594837879193697
28 17 -0.02678816647667957
28 18 0.31249381283380656
28 19 -0.07684766131128504
28 20 0.23704799118356365
28 21 -0.13081425525950768
28 22 -0.23850284748010672
28 23 0.13413793019960268
28 24 -0.05729156834435113
28 25 -0.04948268315943354
28 26 -0.10506824100736599
28 27 -0.038735679726748795
28 28 0.09483878229101218
28 29 -0.40316851252911157
28 30 -0.08410625397807217
28 31 -0.513019062835486
28 32 0.027366121984702774
28 33 0.08137566261032181
28 34 0.018077710564278558
28 35 0.07765320241690572
28 36 0.2112656549044018
28 37 -0.092360553567863
28 38 0.10375480821178676
28 39 0.07940841129648615
28 40 -0.02825987103865141
28 41 -0.0919995598216754
28 42 -0.014272249010293298
28 43 -0.023185941234402773
28 44 0.0072742099498785805
28 45 -0.07388848696685477
28 46 0.0956305261566687
28 47 0.01297219191118146
28 48 0.008016037936747976
28 49 -0.004402070157189063
28 50 0.0722997680102061
28 51 -0.03936578014054781
28 52 -0.014866410470560016
28 53 0.05512191727198345
28 54 0.026760708084597455
28 55 -0.0037791048867098194
28 56 0.00738780426316508
28 57 -0.003071778467829594
29 1 0.2144527901062933
29 2 0.029443138734708496
29 3 0.008003395178108054
29 4 -0.019831427120939254
29 5 0.04494483163317458
29 6 0.0812703901889462
29 7 0.13751237871552982
29 8 -0.25576264650808495
29 9 0.07719867578414322
29 10 -0.03640570245439489
29 11 -0.1461685887446753
29 12 -0.6494378815413357
29 13 -0.11720576665219662
29 14 -0.09824380233910797
29 15 0.034074396929064714
29 16 0.050926920160241355
29 17 0.08203784154210014
29 18 -0.026461391381653262
29 19 0.11999089024007882
29 20 0.13724076203806795
29 21 0.037302655277733555
29 22 0.10641980878899002
29 23 0.005152772368062915
29 24 0.010874024081659528
29 25 0.00596038117746714
29 26 0.02384974993413728
29 27 0.08849772821970629
29 28 0.024407567676670024
29 29 0.041354325650925526
29 30 0.07739385506900472
29 31 0.18188463013402473
29 32 0.024851698752409945
29 33 0.03903755942841525
29 34 0.0028386643067183142
29 35 0.009712606857891692
29 36 -0.003654129873377521
29 37 0.029275038246017408
29 38 0.09892572153972218
29 39 -0.0018103781874656978
29 40 0.0758546964409771
29 41 0.15301625208898886
29 42 0.06655669291515734
29 43 -0.07621190004023323
29 44 -0.058125647961381074
29 45 -0.30890651458881646
29 46 0.13868397279049827
29 47 0.003460768975427306
29 48 0.10435801618019654
29 49 -0.060386957109476426
29 50 0.2901030044597732
29 51 -0.07649038340272048
29 52 -0.022503747147386857
29 53 -0.021132644656695454
29 54 -0.046153692988578174
29 55 0.022534186340447626
29 56 -0.018369831517632287
29 57 0.0012388871661699443
30 1 0.27409147085684366
30 2 -0.02902453940330172
30 3 0.4011996925412596
30 4 -0.00708679155419225
30 5 0.13970386481665317
30 6 0.021328111828760044
30 7 -0.15655496683730227
30 8 0.3158828075380433
30 9 0.1174482170664565
30 10 -0.09331636200263746
30 11 -0.08789349587614885
30 12 -0.11292930813426835
30 13 -0.03592959171210925
30 14 0.057487064319292396
30 15 0.024288714131594488
30 16 0.11213108809840125
30 17 -0.06859292055622453
30 18 0.2757597809018528
30 19 0.0660786445587949
30 20 -0.03237564818085801
30 21 -0.07209684821473404
30 22 -0.14935268131381615
30 23 -0.029563276052851657
30 24 0.001412251161386924
30 25 -0.0012796593462889216
30 26 -0.018875400097601736
30 27 -0.09023701925932208
30 28 0.028807373445499294
30 29 0.05023728804741356
30 30 -0.08788399093558763
30 31 0.0056934257530881415
30 32 -0.0061045822324362065
30 33 -0.09791259070352343
30 34 0.026025620143348773
30 35 0.017787953814995996
30 36 -0.06137487816789939
30 37 0.16542883829807423
30 38 -0.02600512597842251
30 39 -0.11953738744207411
30 40 0.16961979103984132
30 41 0.052253951531890046
30 42 0.32274391524369767
30 43 0.31159074916197366
30 44 0.1015616767315519
30 45 0.14091230227759424
30 46 0.1100399186904974
30 47 0.20244215183021283
30 48 0.0179299482022794
30 49 -0.012661062616964454
30 50 0.06425057695372711
30 51 -0.043765439640774374
30 52 -0.07750330081334629
30 53 -0.08847399280782145
30 54 0.1750627075493346
30 55 0.004647830460298274
30 56 0.009435018624435637
30 57 -0.003615505247542108
31 1 0.28758962287559103
31 2 0.013517688963994617
31 3 0.5566537553527021
31 4 -0.019309246434338026
31 5 0.18824205561887125
31 6 0.11219164616952634
31 7 -0.30320211760496735
31 8 0.22985570383036635
31 9 0.01595509798588871
31 10 -0.04043054657889123
31 11 -0.028218455792509506
31 12 -0.10323790181256179
31 13 0.06193391687385075
31 14 0.03902294019620801
31 15 -0.08444101200882576
31 16 -0.07979463463259133
31 17 0.06318338748527494
31 18 -0.004655682727581665
31 19 -0.042550682407525915
31 20 0.07508352821100962
31 21 -0.10631874294915931
31 22 -0.06288637460562438
31 23 -0.01730313781503802
31 24 -0.022551191641599463
31 25 -0.07719516035850248
31 26 -0.00020059289532488653
31 27 -0.03242171675642027
31 28 -0.03648764552057827
31 29 0.0317821634735362
31 30 0.001646162923328122
31 31 0.0018567203254773728
31 32 -0.0994704814953866
31 33 -0.036008564056962254
31 34 -0.052699197710228685
31 35 0.1277988979935101
31 36 -0.0839609150385378
31 37 0.03773586994425267
31 38 0.014491021911041752
31 39 0.1404729983835818
31 40 0.016715270528212353
31 41 -0.17670295914061934
31 42 0.0756731156397474
31 43 0.043287554035337274
31 44 -0.029574234365008768
31 45 -0.08016407518028254
31 46 -0.0974073110095258
31 47 -0.12584065313948467
31 48 -0.06511107661365262
31 49 0.02794729920275782
31 50 -0.023296441374363916
31 51 -0.0053640606218127475
31 52 0.027832467753318626
31 53 0.15421328665528353
31 54 -0.429175502275898
31 55 -0.0038800508947159805
31 56 0.012780758546480076
31 57 0.006040521671713779
32 1 0.09131815465439945
32 2 -0.017076107105579198
32 3 0.06536325491273702
32 4 -0.009131420560995432
32 5 0.008083323808687017
32 6 -0.08689597986165024
32 7 0.06357097723609915
32 8 0.020435275426922993
32 9 0.06456620162344333
32 10 -0.04517177755847448
32 11 -0.013512862857512988
32 12 0.05397440983359137
32 13 -0.06853212482899614
32 14 -0.04281328189226204
32 15 0.10799237890423942
32 16 0.2190945116246787
32 17 -0.2293033829115387
32 18 0.40243410915120326
32 19 0.1470543767802681
32 20 -0.26769319648487433
32 21 -0.13520848578724642
32 22 0.27526867509033753
32 23 -0.05996091270852226
32 24 0.009271010756406965
32 25 -0.07186128746554026
32 26 0.17942457553742963
32 27 0.09885320212405949
32 28 -0.027844494057582297
32 29 0.17137398288410288
32 30 0.4992642615479607
32 31 -0.27757349607042275
32 32 -0.05389780777270218
32 33 -0.030717078953544412
32 34 -0.11750509030294502
32 35 0.17030390869102777
32 36 -0.07207813372488779
32 37 0.009685303303275746
32 38 0.037730312208763404
32 39 0.09131653084252009
32 40 -0.11008140750239577
32 41 0.020086983559428347
32 42 -0.04230373173100646
32 43 -0.10526911700847087
32 44 -0.027273670047519648
32 45 0.006494522805109022
32 46 -0.009217292810914022
32 47 0.0019599512168797925
32 48 0.027735322676682682
32 49 0.024708460089620844
32 50 0.0038751313741491253
32 51 -0.027605496419921632
32 52 0.007183413487769048
32 53 -0.004510683496715774
32 54 -0.007077530873171638
32 55 -0.00554696289041222
32 56 0.0032663458227563964
32 57 -0.0013603127054613753
33 1 0.08087516074613461
33 2 -0.007920585075035146
33 3 0.03054871717869191
33 4 0.021957632971767477
33 5 0.014424377552337019
33 6 -0.0877373571356462
33 7 0.15634396296542438
33 8 0.07817227236219507
33 9 0.10921071122768554
33 10 -0.11302726139711904
33 11 -0.08361252196070504
33 12 0.09712302515367592
33 13 -0.05353060613614996
33 14 0.05576372798588568
33 15 -0.04442200319303774
33 16 -0.10224736217674155
33 17 -0.15116838660143425
33 18 0.09159271224967401
33 19 -0.11516913333115175
33 20 0.23649467874370633
33 21 0.12086789099574623
33 22 0.16248608646552498
33 23 0.5490248820615884
33 24 -0.2417536598146196
33 25 -0.08295700795445615
33 26 0.07257316169087259
33 27 0.06809616087116091
33 28 -0.14418699120189443
33 29 0.38157610336138836
33 30 -0.11638028940959573
33 31 -0.061503208627167356
33 32 -0.18162829209752143
33 33 0.30530245714596044
33 34 0.14912027193684652
33 35 -0.13956212515191224
33 36 -0.05433990873528794
33 37 0.11662571277658695
33 38 -0.016670375592806288
33 39 0.031185896989724092
33 40 0.03181824436856815
33 41 0.03326105244104479
33 42 -0.03137062535400209
33 43 0.017934536894914716
33 44 -0.016296340805805037
33 45 0.010369304130571876
33 46 0.001763932225334555
33 47 -0.005459841702452779
33 48 0.01144407736262905
33 49 -0.025964189996803617
33 50 -0.005889158820632795
33 51 0.020846124761400853
33 52 -0.026410042813243148
33 53 0.024702251667590654
33 54 -0.0037340346271788525
33 55 -0.002141672015646485
33 56 -0.0045907898567467895
33 57 0.0005055296915330308
34 1 0.2066926916876874
34 2 0.010474212773277279
34 3 0.24128197941667043
34 4 0.08135482534405629
34 5 -0.008505271764770658
34 6 0.1210332261604418
34 7 0.34173152186092937
34 8 -0.49283784843219935
34 9 -0.09538094959756309
34 10 -0.05359040970569752
34 11 -0.033233430452674115
34 12 0.06524792026173848
34 13 0.12895818828019967
34 14 0.014139337373987156
34 15 -0.00296289150244741
34 16 0.014147790805631175
34 17 -0.012609176701718449
34 18 0.16569669070034668
34 19 0.15170849669051287
34 20 -0.01375774096068111
34 21 -0.07845281238793887
34 22 -0.08752662107585645
34 23 -0.0645062732182949
34 24 0.027275338435827908
34 25 0.0319461646091327
34 26 0.0033930074203223424
34 27 -0.12061220296311466
34 28 0.005283991788579176
34 29 0.09805388853714662
34 30 -0.06456512258673405
34 31 0.04385370045613337
34 32 -0.05862388894991997
34 33 -0.08096685428481898
34 34 0.09011576125255377
34 35 0.0694082532965616
34 36 0.0038435283308898196
34 37 0.08670298376796559
34 38 -0.02539365343816208
34 39 -0.16005172589914532
34 40 0.19060571458435616
34 41 0.3565998696975463
34 42 0.023170765766126238
34 43 0.06028212878903171
34 44 -0.02378899843822763
34 45 0.04084792783944574
34 46 -0.1637734520271713
34 47 -0.15305369584393763
34 48 -0.02632710134251104
34 49 0.02540815585475118
34 50 -0.17040179017642954
34 51 0.10708664681327779
34 52 0.15415552003768726
34 53 0.2001994683616527
34 54 -0.005474049089168744
34 55 0.005994224143451879
34 56 -0.009530501487456764
34 57 0.0019367889597728045
35 1 0.09155072987743726
35 2 -0.15576775223290276
35 3 0.01117038226053847
35 4 -0.01056216363615091
35 5 0.03769260374266447
35 6 -0.0788905633500807
35 7 0.12227376168153344
35 8 0.04108021132996942
35 9 0.1948663026400126
35 10 -0.1177663033717567
35 11 0.026594612084356643
35 12 -0.022775866925462053
35 13 0.09508635150120151
35 14 0.10725589089513153
35 15 0.05572984731710614
35 16 -0.06285236858752509
35 17 -0.05197664667001195
35 18 0.22304679525544008
35 19 -0.4828540488723527
35 20 0.23653636187766924
35 21 0.18811918654126247
35 22 -0.025764836325037097
35 23 -0.09278323180264315
35 24 0.08102839635616207
35 25 0.11851685310671246
35 26 0.07071173844568163
35 27 0.005331073497409004
35 28 0.21208804766753894
35 29 0.09852998943467056
35 30 0.10683007155140363
35 31 0.010002612804600856
35 32 0.2514218488763963
35 33 -0.35399590958263616
35 34 -0.04258220549276374
35 35 -0.24143046282045766
35 36 -0.29474946828678256
35 37 0.016945003061987565
35 38 -0.03661762398466962
35 39 -0.08990740622418844
35 40 0.07396686433670767
35 41 -0.03766525777645288
35 42 -0.14203411074503156
35 43 -0.07221854620093239
35 44 -0.04991758192783426
35 45 -0.03241995584965958
35 46 -0.0036256346520088076
35 47 -0.04726929895805986
35 48 -0.016885049398741744
35 49 -0.0065839174466174
35 50 -0.007824495381550245
35 51 -0.01016834303344115
35 52 0.008677373492076961
35 53 0.004252817033569103
35 54 -0.015500066136515661
35 55 0.00024174486627963004
35 56 0.00020010091800184987
35 57 0.0008642360397735331
36 1 0.08398276692007918
36 2 -0.42276175661942444
36 3 -0.03758813453176774
36 4 -0.015103086058503837
36 5 -0.01544684516891866
36 6 0.022495305161378577
36 7 -0.011035401988788779
36 8 0.0021191340872916526
36 9 -0.048172905822997394
36 10 -0.04408930703723669
36 11 0.07303387559963609
36 12 -0.02845287557120342
36 13 -0.024576875374199673
36 14 0.00012218627110002005
36 15 0.017371827003167698
36 16 -0.020706162384283862
36 17 0.018671420941998116
36 18 0.050798145257432384
36 19 0.13577848389643632
36 20 -0.06626495737630382
36 21 -0.10997159779258874
36 22 0.12373333309533036
36 23 0.11133803335383322
36 24 -0.10850825651640256
36 25 -0.18636278470586248
36 26 0.08549988158762266
36 27 0.15281387705723393
36 28 -0.49997960082915405
36 29 -0.11638412442240861
36 30 -0.2202287807826766
36 31 -0.038143318340643856
36 32 0.2336145057557516
36 33 -0.3303541479942233
36 34 0.05217882842454993
36 35 -0.04935865568455646
36 36 -0.0895075548695359
36 37 -0.02654790733457445
36 38 -0.027552505749380896
36 39 -0.03775248231798824
36 40 0.01888893624463513
36 41 -0.003691503852199081
36 42 -0.033740076082627274
36 43 -0.08497418020589458
36 44 0.3630726891555134
36 45 -0.12624103553061994
36 46 -0.07156232999471343
36 47 -0.007223532350129432
36 48 0.015510267690590487
36 49 -0.0397867950266619
36 50 -0.015830549330319254
36 51 0.0005471160863480748
36 52 0.0035914515417639833
36 53 -0.012530684189196499
36 54 -0.0065906706799433255
36 55 0.003502824798412884
36 56 0.004316593440874224
36 57 -0.0034467292839403026
37 1 0.1138179404577937
37 2 -0.041530877544190804
37 3 0.018072246947892636
37 4 -0.06565677080456198
37 5 0.029666767593959375
37 6 -0.2733856547708763
37 7 0.15280332100811556
37 8 -0.05044288365242738
37 9 0.20931669001769365
37 10 -0.19495774030824556
37 11 -0.0196110758163176
37 12 -0.024932112081478233
37 13 0.09729219707758703
37 14 0.34249718450482364
37 15 -0.02279516723693538
37 16 -0.24407617797857345
37 17 0.10436739708048937
37 18 -0.024096619642230487
37 19 -0.12846952573202436
37 20 -0.359654289125045
37 21 -0.01644053788121989
37 22 -0.0015285586077322406
37 23 -0.11701714544671679
37 24 0.04442537010990494
37 25 -0.017062194384449104
37 26 0.005116363084734787
37 27 -0.01635023851592614
37 28 -0.17573090891300566
37 29 0.07767540307572926
37 30 0.019676467192226463
37 31 0.13960877678093253
37 32 -0.010549127653384964
37 33 0.10842222147175239
37 34 0.12122228380914231
37 35 0.15960996385664333
37 36 0.006598751443429718
37 37 -0.2439797219544866
37 38 0.3442538306273168
37 39 0.05715738745853323
37 40 0.26533869034743623
37 41 -0.06609560874577901
37 42 -0.20236747919876236
37 43 0.12364752613037397
37 44 0.0040118851639469
37 45 0.0706400076897002
37 46 0.07073449269379838
37 47 0.030570547177529512
37 48 0.007465188182573651
37 49 -0.015070712748392362
37 50 0.027975906844015373
37 51 -0.02681067098910073
37 52 -0.03449559958562103
37 53 -0.02094461701768625
37 54 -0.0036165253894098483
37 55 0.006183186243433933
37 56 0.0051482553573797
37 57 0.00040963635637368225
38 1 0.12704656011012375
38 2 0.007303250238449907
38 3 0.15709136962804301
38 4 0.015127526417985537
38 5 -0.005534658402124231
38 6 -0.04607394184826036
38 7 0.0014119639281592892
38 8 0.2534931811941522
38 9 -0.03416017602686126
38 10 0.0475294196239948
38 11 -0.07904635513087796
38 12 -0.07415734680269795
38 13 -0.06931918130921022
38 14 0.04015087259849984
38 15 0.10104074255108475
38 16 0.24234972791507942
38 17 -0.25341624632468407
38 18 0.4154481708117615
38 19 0.15424421492390322
38 20 -0.20772870999797702
38 21 0.11169526776972072
38 22 -0.025532978595328763
38 23 -0.03312933539318669
38 24 0.019208705846581704
38 25 0.20351023198864696
38 26 0.031739834953846496
38 27 -0.02315594076213878
38 28 0.06282805469392777
38 29 -0.0970590020054549
38 30 -0.3032417567054487
38 31 0.25676723243813054
38 32 0.16612116522663695
38 33 0.24826847077993175
38 34 0.10384221535102817
38 35 -0.16667166841622857
38 36 0.13843006678292816
38 37 -0.20981532810635123
38 38 -0.07994823688138565
38 39 -0.06626414816435061
38 40 -0.054627766715014146
38 41 -0.06021621411230232
38 42 -0.13804363949700843
38 43 -0.1507194037572605
38 44 -0.04366683159479309
38 45 -0.04764912267588298
38 46 -0.022635924116905168
38 47 -0.03461504261032211
38 48 -0.04307311351333222
38 49 -0.03662848094574755
38 50 -0.02174404085861556
38 51 -0.0029433818617467687
38 52 0.04518741723587677
38 53 0.05003417076294354
38 54 -0.07123925305341486
38 55 0.002446552015909958
38 56 -0.006352598721808871
38 57 0.00232225847631016
39 1 0.10832973570700215
39 2 -0.04693428218639928
39 3 0.010947606620181356
39 4 -0.06084441412033593
39 5 0.011481501765651493
39 6 -0.14871681663284864
39 7 0.08242197366007005
39 8 0.02035318976080267
39 9 0.1027399083251346
39 10 -0.07202865327457833
39 11 0.020075830105694692
39 12 -0.00933854625108946
39 13 0.0013901148287207268
39 14 0.31620006143486445
39 15 -0.02911998625079157
39 16 -0.33749951760318875
39 17 -0.16147687394361165
39 18 -0.053368997114474535
39 19 0.1833365746463788
39 20 -0.20718789603143364
39 21 -0.14817782397176824
39 22 -0.09182795462512543
39 23 0.11411532488631343
39 24 0.020148737541338852
39 25 0.000676483791942889
39 26 -0.2225608319134189
39 27 0.32981954235032496
39 28 0.1288347924692452
39 29 -0.31326739049651614
39 30 0.23888696856274555
39 31 0.18833173655056068
39 32 -0.03997594347925131
39 33 0.057974042880348006
39 34 0.0917289854422761
39 35 -0.17855241125607088
39 36 -0.11607122535471869
39 37 0.3172675248359912
39 38 -0.17585685982831842
39 39 -0.009871497362123314
39 40 -0.08299311078387146
39 41 0.03176647952273169
39 42 0.014104505910877276
39 43 -0.0273176006124476
39 44 -0.011594902491804775
39 45 -0.04829216217414029
39 46 -0.02414423369674721
39 47 -0.012727800091186159
39 48 -0.0068450624944462225
39 49 -0.009028946542544236
39 50 -0.05293158260200223
39 51 -0.03526719358188589
39 52 -0.0054832501578399116
39 53 0.015156808332919618
39 54 -0.005718388129187701
39 55 -0.0008393275895292896
39 56 0.004137445156077113
39 57 0.0005746476420047312
40 1 0.17761844655088135
40 2 0.030975708371234936
40 3 0.019595597593521596
40 4 -0.14524270609026485
40 5 -0.026799664081043388
40 6 -0.1123027807352967
40 7 0.04510320580768742
40 8 0.06947818206073386
40 9 -0.10585871026189768
40 10 0.15666018651438443
40 11 0.2810305784702371
40 12 0.022832202363417663
40 13 -0.007991753773226366
40 14 0.188333970235659
40 15 -0.26037875683782646
40 16 0.11339604247403028
40 17 0.006633761307261868
40 18 -0.015876825174193872
40 19 0.08037382747104457
40 20 0.148211705179019
40 21 0.1434038752236577
40 22 0.3409706688146668
40 23 -0.009367066288084237
40 24 0.07141369625250592
40 25 0.30986060373147933
40 26 -0.0062923319431592555
40 27 0.03512717222641175
40 28 0.13748274990213447
40 29 -0.03491187181118014
40 30 -0.0492525180664636
40 31 -0.05023245118572106
40 32 0.191951726262395
40 33 -0.11001634844930622
40 34 0.3918146845293135
40 35 0.16966172776118837
40 36 0.09467419482583603
40 37 0.2031173502312942
40 38 0.1647344690519175
40 39 0.2518299377452478
40 40 -0.03738211887562536
40 41 0.060806249107573755
40 42 0.04992070710529362
40 43 0.020229667651592998
40 44 0.07062696286620902
40 45 0.08732009953032373
40 46 -0.03506988380808231
40 47 0.009333991760662099
40 48 0.006504159670459621
40 49 0.06040537122617345
40 50 0.05108068228526479
40 51 0.006931184794031722
40 52 0.0051441528121765985
40 53 0.008403239859362498
40 54 -0.027778398077272625
40 55 -0.009090864892646823
40 56 0.005994237226310753
40 57 0.0009209812667501951
41 1 0.02391668271800956
41 2 -0.026016318502836543
41 3 0.004000392745433388
41 4 -0.004286877624185251
41 5 0.0070273078048974135
41 6 -0.024778682321071114
41 7 0.0171000927931661
41 8 0.0056000448672047344
41 9 0.051439014052683155
41 10 0.029954168840076404
41 11 -0.0015246763099658856
41 12 -0.006557004771958038
41 13 -0.021903517064592194
41 14 0.03861353642901609
41 15 0.0008779935478382422
41 16 -0.0857502479622785
41 17 -0.10377761631197967
41 18 -0.004878228657873344
41 19 0.07195830475607883
41 20 0.03145515703673149
41 21 0.2114046317811004
41 22 0.11661537275304296
41 23 -0.3551725858938666
41 24 -0.7394508295536474
41 25 -0.20847225709127498
41 26 -0.23771290640660897
41 27 -0.3108449974520871
41 28 0.0305265278981773
41 29 -0.04553347656531106
41 30 0.12583636840617138
41 31 0.02925487366315192
41 32 0.10865328800439435
41 33 0.02401091692193852
41 34 0.06204764066336735
41 35 -0.02079371522651573
41 36 0.0013636541565101973
41 37 0.021721070466398325
41 38 -0.037358798633898745
41 39 0.02032003715919045
41 40 -0.004591639939770476
41 41 0.008715481737950321
41 42 -0.00033226461051146303
41 43 -0.007585729407605284
41 44 0.002075319265754282
41 45 -0.0027654238088802934
41 46 -0.020727806274216724
41 47 0.004173605169817135
41 48 0.010066155629115638
41 49 -0.022476203763956717
41 50 0.0016005375736138814
41 51 -0.00478429820293898
41 52 0.011808814503241567
41 53 -0.0026323526776877854
41 54 -0.0011153469055316249
41 55 -0.0005941523111231166
41 56 -0.0006818590591444537
41 57 0.0001658734373375421
42 1 0.10703778292821063
42 2 -0.6028897358862776
42 3 -0.04959370777112064
42 4 0.00015803795151958213
42 5 -0.05820510378351442
42 6 0.03669789066186462
42 7 -0.051185928951285806
42 8 -0.015530225317766074
42 9 -0.05432271336836576
42 10 0.0038464736806421334
42 11 0.04124986759370472
42 12 -0.016481044961027837
42 13 -0.012552070036745137
42 14 -0.029203603084512704
42 15 0.020005298621757935
42 16 -0.03503491768188523
42 17 0.017883703061349735
42 18 0.010168734648253646
42 19 0.04782816245954428
42 20 -0.03643347808775366
42 21 -0.061653713339578975
42 22 0.08071066804260184
42 23 0.027441965707620152
42 24 -0.05394356709886694
42 25 -0.07565516421141966
42 26 0.054872206324713985
42 27 0.07350930486180125
42 28 -0.2052897847431764
42 29 -0.055705063442766656
42 30 -0.11247441930280642
42 31 0.012691175213827061
42 32 0.11400174961560378
42 33 -0.14032501071969875
42 34 0.03784593402450334
42 35 -0.030921619335575613
42 36 0.03461904742916035
42 37 0.016074743307209205
42 38 -0.009261598031956853
42 39 0.049955536566029135
42 40 -0.06529378023060844
42 41 0.019625142483979032
42 42 0.06017182999431541
42 43 0.08988384585554
42 44 -0.6501746739366076
42 45 0.14018302457385576
42 46 0.12018248777604136
42 47 -0.00723058286028695
42 48 -0.049645439051642086
42 49 0.041263500005434633
42 50 0.014400689588547311
42 51 -0.005331817234714392
42 52 0.0029826153075721133
42 53 0.018716411158718114
42 54 0.010334310211173967
42 55 -0.002763064145602363
42 56 -0.002674910849386754
42 57 -0.0006772736685593028
43 1 0.18505626472413225
43 2 -0.9126814720465368
43 3 -0.07625784624447722
43 4 0.009562123867341826
43 5 -0.05701092319438686
43 6 0.06711726743681831
43 7 -0.055572766057680065
43 8 -0.002164540934031119
43 9 -0.05134790312898744
43 10 -0.007230792998661591
43 11 0.0018914726073505123
43 12 0.0006522745185573221
43 13 -0.007773554642034607
43 14 -0.029906138467273056
43 15 -0.004372768691792029
43 16 0.024066028582713554
43 17 0.011491756505529029
43 18 -0.043204825239390975
43 19 -0.029814051574837113
43 20 -6.910396681328184e-05
43 21 0.033826115346964274
43 22 -0.03725191434393806
43 23 -0.0283580091669857
43 24 0.03354286909618042
43 25 0.07487283237397396
43 26 -0.017324018762218583
43 27 -0.05885881644761601
43 28 0.16378274467892645
43 29 0.056737552380627804
43 30 0.07770108667103227
43 31 0.02719564918737048
43 32 -0.10835803562639777
43 33 0.15387891732275188
43 34 -0.018154083548308456
43 35 0.03330295371182574
43 36 0.030147324036995646
43 37 0.004315685073811612
43 38 0.01213287995799554
43 39 -0.002092481989095017
43 40 0.005826771777430233
43 41 0.0003994042778298421
43 42 -0.005671916690764243
43 43 -0.00449050154619367
43 44 0.13847583128507893
43 45 -0.012978390700003527
43 46 -0.01828516218397913
43 47 0.00024504697904554566
43 48 0.01428380652261074
43 49 0.009621353581959835
43 50 -0.012565786658789171
43 51 0.006150013589456903
43 52 -0.0027227586490928117
43 53 0.0001321971487503929
43 54 -0.0035247437759992066
43 55 0.0002279868905352638
43 56 0.0012771119622641029
43 57 0.0030295026303308473
44 1 0.18505626472413225
44 2 -0.9126814720465368
44 3 -0.07625784624447722
44 4 0.009562123867341826
44 5 -0.05701092319438686
44 6 0.06711726743681831
44 7 -0.055572766057680065
44 8 -0.002164540934031119
44 9 -0.05134790312898744
44 10 -0.007230792998661591
44 11 0.0018914726073505123
44 12 0.0006522745185573221
44 13 -0.007773554642034607
44 14 -0.029906138467273056
44 15 -0.004372768691792029
44 16 0.024066028582713554
44 17 0.011491756505529029
44 18 -0.043204825239390975
44 19 -0.029814051574837113
44 20 -6.910396681328184e-05
44 21 0.033826115346964274
44 22 -0.03725191434393806
44 23 -0.0283580091669857
44 24 0.03354286909618042
44 25 0.07487283237397396
44 26 -0.017324018762218583
44 27 -0.05885881644761601
44 28 0.16378274467892645
44 29 0.056737552380627804
44 30 0.07770108667103227
44 31 0.02719564918737048
44 32 -0.10835803562639777
44 33 0.15387891732275188
44 34 -0.018154083548308456
44 35 0.03330295371182574
44 36 0.030147324036995646
44 37 0.004315685073811612
44 38 0.01213287995799554
44 39 -0.002092481989095017
44 40 0.005826771777430233
44 41 0.0003994042778298421
44 42 -0.005671916690764243
44 43 -0.00449050154619367
44 44 0.13847583128507893
44 45 -0.012978390700003527
44 46 -0.01828516218397913
44 47 0.00024504697904554566
44 48 0.01428380652261074
44 49 0.009621353581959835
44 50 -0.012565786658789171
44 51 0.006150013589456903
44 52 -0.0027227586490928117
44 53 0.0001321971487503929
44 54 -0.0035247437759992066
44 55 0.0002279868905352638
44 56 0.0012771119622641029
44 57 0.0030295026303308473
45 1 0.3329718194086097
45 2 0.02448123237759726
45 3 0.5803556458377161
45 4 0.05788902206545682
45 5 0.11802862772000157
45 6 0.09389046971829902
45 7 -0.25275689669931284
45 8 0.16375487839526148
45 9 -0.009344387529289963
45 10 0.0010958912071029495
45 11 0.04439381506982905
45 12 -0.11058095202245719
45 13 0.010865660733608387
45 14 0.026218480452427938
45 15 -0.07088870199916411
45 16 -0.060451362937705394
45 17 0.068475797184805
45 18 -0.09309390178241662
45 19 -0.02899309295015992
45 20 0.07790177634464629
45 21 -0.06779678488199475
45 22 -0.026664291406616705
45 23 -0.02352616007509466
45 24 -0.0009801623233052492
45 25 -0.026710083920532996
45 26 -0.02246951844764435
45 27 -0.00652687174342441
45 28 -0.03744944256991067
45 29 0.029064132417297966
45 30 0.0032493590134895483
45 31 0.03940913838087789
45 32 -0.0703944598972393
45 33 0.006541136849171034
45 34 0.009721928997223761
45 35 0.09054912151821244
45 36 -0.03791243852394607
45 37 -0.0049313535034780165
45 38 0.02907560857856399
45 39 0.14168461681154695
45 40 -0.07985784889778873
45 41 -0.011809264024598197
45 42 -0.23290246774937984
45 43 -0.20494301036079537
45 44 -0.0761467973942834
45 45 -0.112973835631235
45 46 -0.11114913801341285
45 47 -0.126524948420833
45 48 -0.00908837241443589
45 49 0.0008213292901802252
45 50 -0.010317298197083132
45 51 0.11290020102293949
45 52 0.020858480385544394
45 53 0.05251943598803916
45 54 0.42205443355658867
45 55 0.011132476936538276
45 56 -0.0084382577094313
45 57 -0.0115701031866091
46 1 0.22429476424851022
46 2 0.019470656465577385
46 3 0.4117251609994201
46 4 -0.0028667778600081012
46 5 0.10811888636596904
46 6 0.07123757665633561
46 7 -0.23808966900481635
46 8 0.13304345406043147
46 9 0.05505387817149535
46 10 0.0008577507140620904
46 11 -0.06644021396185819
46 12 -0.027250764018653735
46 13 -0.009461125677767463
46 14 -0.027519963721136315
46 15 -0.10357415003153168
46 16 -0.051383842052381536
46 17 0.1400175776246137
46 18 -0.18232134012224968
46 19 -0.09153140244546541
46 20 -0.02602102023140252
46 21 0.06183280731827599
46 22 0.18698572484895146
46 23 0.0497668068031782
46 24 -0.012192401223607425
46 25 -0.03704236495573017
46 26 0.05965426467907696
46 27 0.1290821877684872
46 28 0.035170695747165984
46 29 -0.14421256169837576
46 30 0.15370430824091239
46 31 -0.22051518526742855
46 32 0.10710394445070384
46 33 0.07561170287508209
46 34 0.006857392659046156
46 35 -0.21212279949599147
46 36 0.2404452882435754
46 37 -0.13430750030215863
46 38 0.028220761693260148
46 39 -0.2661465293349747
46 40 0.04573558713736791
46 41 0.36736466633923054
46 42 -0.10635256292037787
46 43 -0.06411990907431375
46 44 0.028863207566830754
46 45 0.1796991075211254
46 46 0.0779258171903652
46 47 -0.00808098438334869
46 48 0.06430202844715743
46 49 -0.004249337364843545
46 50 -0.08405172508836435
46 51 -0.060876827718193166
46 52 0.06625205892202732
46 53 -0.1305306163403844
46 54 -0.09564598310020934
46 55 -0.008642852080882732
46 56 -0.002828921309215863
46 57 0.0031045602817062813
47 1 0.28033753403421613
47 2 0.012947958045377494
47 3 0.4898120743497873
47 4 0.1253269705426261
47 5 0.021834961062773068
47 6 0.15970480740215254
47 7 0.1803633244457571
47 8 -0.4014442283563411
47 9 -0.15077807401463125
47 10 0.03297645939402444
47 11 0.12661098104002622
47 12 0.16018591248434522
47 13 0.1900899566970073
47 14 0.0011978934766276644
47 15 0.013902476023356636
47 16 0.034279657272508035
47 17 -0.08826999089261037
47 18 0.008700778951086783
47 19 0.007039488689003324
47 20 -0.04242854335980147
47 21 0.018966391013096787
47 22 -0.05651278184676396
47 23 0.007308253937553989
47 24 -0.024264585842733555
47 25 0.03782134407489695
47 26 0.006600527782610566
47 27 -0.02749961356461053
47 28 -0.016290176775960587
47 29 0.04054620319268599
47 30 -0.06579304425795171
47 31 0.08636878066669616
47 32 -0.03431423249626468
47 33 -0.007306835981448211
47 34 -0.015302470952573392
47 35 -0.013540191246836874
47 36 -0.022390235516180034
47 37 0.035586635885258726
47 38 -0.07961754483204614
47 39 0.09815039679497023
47 40 -0.049964482097388026
47 41 -0.10654080620834469
47 42 -0.051828000681402975
47 43 -0.049034051412474626
47 44 -0.02636497059202941
47 45 -0.00030995322717076296
47 46 0.0037310117402212573
47 47 -0.01151957316477842
47 48 0.04525740697388997
47 49 0.01308849998832742
47 50 -0.0007553371453627102
47 51 -0.005296522092114317
47 52 -0.18183193273084775
47 53 -0.48097289987447367
47 54 -0.08469684353887992
47 55 0.009494291902670888
47 56 -0.003742498852304319
47 57 0.0013922588321364198
48 1 0.21798212261745556
48 2 0.027482998912698287
48 3 0.40902340385915464
48 4 0.04024227346338294
48 5 0.05020720483165932
48 6 0.12267362477493285
48 7 0.04378940307781712
48 8 -0.33936831994017724
48 9 -0.1673023000378092
48 10 0.058161856783246695
48 11 0.08284667694771358
48 12 0.1729558605249379
48 13 0.2215263992414771
48 14 -0.12329706761365301
48 15 -0.09292987877769973
48 16 -0.03443473123339992
48 17 -0.09725107314429626
48 18 -0.12132467331064106
48 19 -0.06349722757933406
48 20 -0.1288661264553322
48 21 0.16631286101420859
48 22 0.1715550638671334
48 23 0.017168063873089372
48 24 0.005996507521727425
48 25 0.00854534610356221
48 26 0.06166741992907494
48 27 0.13553758300377064
48 28 -0.009248657696252952
48 29 0.01771044136996964
48 30 0.12422653086767839
48 31 0.05256670138721189
48 32 0.11508944339486793
48 33 0.057689173880205225
48 34 -0.06446169757259695
48 35 -0.22566062710101217
48 36 0.05647946133374002
48 37 -0.1201101354885825
48 38 -0.020999517806433356
48 39 -0.002600851998314804
48 40 -0.045723488093534506
48 41 -0.24779551918462192
48 42 0.11698144130191743
48 43 0.13854276409828895
48 44 0.06988046384626305
48 45 -0.030680398249628992
48 46 0.08005698018890094
48 47 0.2112832083578018
48 48 -0.04468570257509627
48 49 -0.010169584794747331
48 50 0.11968518534809477
48 51 -0.09791390386950258
48 52 0.0550743084415241
48 53 0.28822332231631054
48 54 0.0874888429706096
48 55 -0.005696486225082489
48 56 0.007597499363372694
48 57 7.056199991489911e-05
49 1 0.3002975357483908
49 2 0.059158696452325556
49 3 0.052218407761692655
49 4 0.25176831065696986
49 5 -0.24574934557064357
49 6 0.0792758153990324
49 7 0.21491023990591107
49 8 0.1963255962530712
49 9 -0.12635451447008578
49 10 0.11689308163054947
49 11 0.1019099477418518
49 12 -0.06734178214260564
49 13 -0.011347331043790366
49 14 0.2121836676424525
49 15 0.3493598084163978
49 16 0.20339540780679546
49 17 -0.026303715172969134
49 18 -0.2493076114397475
49 19 -0.13102266823257774
49 20 -0.016221982381545413
49 21 -0.001956079601338342
49 22 -0.06173076156713419
49 23 0.04040038662401219
49 24 -0.04019840010354032
49 25 -0.04522651647260646
49 26 -0.018545508642797887
49 27 0.0012710884254367243
49 28 -0.02710313244587757
49 29 -0.0029399081929344785
49 30 0.011795133438808978
49 31 -0.040366120125177596
49 32 -0.03855177780223407
49 33 -0.01878417226307212
49 34 -0.022408876274334775
49 35 0.07313584379932611
49 36 -0.027537855137587042
49 37 0.05233229728023036
49 38 0.04646024340824703
49 39 0.011597222086258676
49 40 0.04794689616132992
49 41 0.16361327063472922
49 42 -0.06149679371505713
49 43 -0.11575994478199503
49 44 -0.03701335867434044
49 45 -0.08992174820562727
49 46 -0.05783074386093632
49 47 0.3738297368552054
49 48 -0.35207533954272235
49 49 0.013749586538703853
49 50 -0.047055331869973134
49 51 -0.030240282355392657
49 52 -0.017320184605468764
49 53 0.026169206705705713
49 54 -0.05331625025135487
49 55 0.0070496915972467124
49 56 -0.002037842180063168
49 57 0.0003811048191501728
50 1 0.24393500936844803
50 2 0.054176346563426736
50 3 0.04135571054861095
50 4 0.21953803376715794
50 5 -0.2448954825896993
50 6 0.04046269072810934
50 7 0.2723318561508317
50 8 0.2084232503630372
50 9 -0.13963733259244804
50 10 0.11099267809132533
50 11 -0.017553223967854675
50 12 -0.11541633404786247
50 13 -0.00642569878165422
50 14 0.16101503643215032
50 15 0.37080375499055906
50 16 0.2335700360426612
50 17 -0.0814822719140687
50 18 -0.2544636700600906
50 19 -0.1333623684254017
50 20 -0.10893806574518713
50 21 0.0847555310971292
50 22 0.002052496364191762
50 23 0.05979464015576185
50 24 -0.043944028239664285
50 25 -0.032655950158726785
50 26 0.00879686002263113
50 27 0.08601092773037883
50 28 -0.00433816616642532
50 29 -0.05771402290699095
50 30 0.03219354964632188
50 31 -0.04937380398450891
50 32 0.03206796966555569
50 33 -0.019036036561266054
50 34 -0.07459900779235566
50 35 -0.04662034532236536
50 36 0.03180474962803314
50 37 0.0036507633648497537
50 38 -0.00756959934858833
50 39 0.09518084215229333
50 40 0.04891777029849249
50 41 -0.07916633026765647
50 42 0.09474804249284682
50 43 0.18973632489173486
50 44 0.051028591241616114
50 45 0.11679948732104667
50 46 0.003519425316712744
50 47 -0.41681866166102666
50 48 0.20335462636076973
50 49 -0.0663881873621888
50 50 0.04502524239206801
50 51 -0.016290594679598886
50 52 0.03979407607541125
50 53 0.027510987682995314
50 54 0.04113344134655315
50 55 -0.026978333092092986
50 56 0.01229960421044949
50 57 0.00027412351033473566
51 1 0.2092951505619635
51 2 -0.00661390784392854
51 3 0.23609639283235612
51 4 0.06519048083355977
51 5 0.025188905180952747
51 6 -0.027344187012574645
51 7 0.1371893842206652
51 8 -0.16385762756421074
51 9 0.2164294328215139
51 10 -0.03250311977203981
51 11 0.05977537165516671
51 12 0.2719608843793584
51 13 -0.5565459229183243
51 14 -0.06829031060304853
51 15 0.019780817363698494
51 16 0.10079177711418663
51 17 0.10762922441475768
51 18 -0.07360481854119133
51 19 -0.03422424839048683
51 20 -0.01265101640812634
51 21 -0.04584893639954286
51 22 -0.1411749085008833
51 23 -0.010206289693390587
51 24 -0.039324454026759235
51 25 0.06324369205976851
51 26 -0.06550158588249948
51 27 -0.050362509230433485
51 28 -0.022923887029643944
51 29 -0.035344360151351964
51 30 -0.11204546154607724
51 31 0.0757238973378254
51 32 -0.05361344795009795
51 33 -0.06748035860808374
51 34 -0.041529811287467085
51 35 0.0913225802132539
51 36 -0.10148280686273177
51 37 0.10116495735110365
51 38 -0.029916647876986627
51 39 0.04597743955355556
51 40 -0.06598719483082859
51 41 0.004601561941274358
51 42 -0.09929335799517895
51 43 -0.23826832355360808
51 44 0.06675201111947375
51 45 0.24773169912332327
51 46 0.2910083950272773
51 47 0.025433090761234775
51 48 0.10945305539464562
51 49 -0.06316933996401
51 50 0.08134215418696189
51 51 -0.11884133383813479
51 52 -0.004707485816145038
51 53 0.15276038121822924
51 54 -0.050230248498516206
51 55 -0.003740955236282214
51 56 -0.0017961967387266349
51 57 0.0014888338549454644
52 1 0.11969101126613012
52 2 -0.017511378819599934
52 3 0.12336356633001533
52 4 0.034045333428532686
52 5 0.021066685300781186
52 6 -0.049437955750179764
52 7 0.11500487193506037
52 8 -0.08433560971905349
52 9 0.2943986528897513
52 10 -0.043208287751199455
52 11 0.061452318401381385
52 12 0.25154380097810897
52 13 -0.6278371296390731
52 14 -0.11482562751580634
52 15 -0.03648630534385778
52 16 0.0823485680437785
52 17 0.1056109601873047
52 18 -0.009776264390297437
52 19 -0.1467019004002474
52 20 -0.025003751541287974
52 21 -0.03965159647019845
52 22 0.042024937575137554
52 23 0.023176143111360705
52 24 -0.03677150745603921
52 25 0.04362570678491178
52 26 0.013327041610364103
52 27 0.07484328880406466
52 28 0.03918814341375932
52 29 -0.13614371527232172
52 30 0.07216323560529941
52 31 0.00882615918538025
52 32 0.08494943632788961
52 33 0.029853538036962064
52 34 0.006654457428457465
52 35 -0.06185605890186257
52 36 0.12472102324944599
52 37 -0.0943577855401319
52 38 0.06500849152975491
52 39 0.006696365278333687
52 40 0.06204662487443979
52 41 -0.05433636795321232
52 42 0.13325882063599637
52 43 0.2245895183925957
52 44 -0.07123253922146115
52 45 -0.2802057235728155
52 46 -0.2704715650042208
52 47 -0.025831086051358143
52 48 -0.08437809068509461
52 49 0.03406413093946805
52 50 -0.050165260543189254
52 51 0.10427451678812634
52 52 -0.004631083928807941
52 53 -0.08568028636849197
52 54 0.02250775985616515
52 55 0.016390754687487366
52 56 -0.010396292337375398
52 57 -0.0007579880610345941
53 1 0.16495156003532666
53 2 -0.0037947479881922136
53 3 0.06926769915599178
53 4 -0.03303249713489238
53 5 -0.2926056719399713
53 6 -0.5610866040695268
53 7 -0.18524865667014667
53 8 -0.17809839447867293
53 9 -0.13334570879162913
53 10 0.06404403691908721
53 11 -0.10115816361744936
53 12 -0.018808166583533476
53 13 -0.018490888395734966
53 14 0.08957082930152689
53 15 -0.16577176614263486
53 16 0.13050910015832345
53 17 -0.009690524039758832
53 18 -0.00368810706248313
53 19 -0.01953646975173989
53 20 0.07392076211910706
53 21 -0.18216475816146432
53 22 -0.020286801099785732
53 23 -0.06510724535090992
53 24 -0.00046133613790178587
53 25 -0.054844676803597385
53 26 -0.019033698012143455
53 27 -0.009858945831664453
53 28 0.008307841341344479
53 29 0.09090727989871879
53 30 0.054012602677769375
53 31 -0.02162569593181135
53 32 -0.02560661858869553
53 33 -0.045321024373604864
53 34 -0.019790526625854038
53 35 -0.15422101447684602
53 36 0.09850912861200393
53 37 0.015677984321052836
53 38 0.021397662616052946
53 39 -0.03209964758710935
53 40 -0.017493964570588435
53 41 -0.05007923127431201
53 42 0.07349854366553142
53 43 -0.030437351026343984
53 44 0.04842932854962335
53 45 0.031752871002121506
53 46 0.17006778369025793
53 47 -0.10641048346497918
53 48 -0.27266269518494785
53 49 -0.3313758330256849
53 50 0.06534904936812443
53 51 0.2731601843349088
53 52 0.010995818920298432
53 53 -0.03680999636242372
53 54 -0.01928173386090855
53 55 0.006046705545615168
53 56 -0.010050385501229317
53 57 0.0010375680420816307
54 1 0.249511323217186
54 2 0.05686751928517063
54 3 0.03969966134548215
54 4 -0.09343112053619783
54 5 -0.22050173538542245
54 6 -0.18002150793889835
54 7 -0.15732162245634657
54 8 -0.0837618850244086
54 9 -0.06648428164583038
54 10 -0.02202633912029988
54 11 -0.05210910354580338
54 12 -0.0010055282476933906
54 13 0.04043716283745158
54 14 -0.20477587413102188
54 15 -0.022365190081696667
54 16 -0.049346464553678374
54 17 -0.046700096389078925
54 18 0.016085922521205755
54 19 -0.08059506424995586
54 20 -0.08851469156701243
54 21 0.41534548746550254
54 22 0.011904992079856286
54 23 0.17755420733000127
54 24 -0.05297743823095939
54 25 0.08050460516104273
54 26 0.06293492263439668
54 27 0.05465151343791556
54 28 -0.03426030187453638
54 29 -0.3272958215480881
54 30 -0.0002081084991283872
54 31 -0.012424323716305278
54 32 -0.020758487677861356
54 33 0.10191275032401537
54 34 0.008369610416564944
54 35 0.3862329730910388
54 36 -0.37982735620990116
54 37 -0.0714515407015643
54 38 0.0519706105071703
54 39 -0.2340179917593759
54 40 -0.04170569841336016
54 41 0.025566366544361983
54 42 0.138620950112874
54 43 -0.040469036441866425
54 44 -0.03650221436692895
54 45 0.02637064550660861
54 46 -0.026518902786364477
54 47 -0.057877232711129524
54 48 -0.061950075968170426
54 49 -0.05915447476044754
54 50 -0.015322030462516092
54 51 0.05615424508281528
54 52 -0.0467609596218374
54 53 -0.012231653126202965
54 54 0.01386246674028403
54 55 0.03479411216021422
54 56 0.030814329428097052
54 57 -0.0024201858576420343
55 1 0.18868559492954334
55 2 0.014140883879211
55 3 0.11083651572755175
55 4 -0.012563697171751289
55 5 -0.25912912521213954
55 6 -0.524131524995984
55 7 -0.14022363604909097
55 8 -0.10443397547871923
55 9 -0.1173696240946225
55 10 0.10955615120186925
55 11 -0.04367424208112306
55 12 -0.03914747712443124
55 13 -0.03984601722454027
55 14 0.11376804442189023
55 15 0.11342887591539835
55 16 0.04285611897767605
55 17 0.09406187972730452
55 18 -0.06438554768327306
55 19 -0.014690844378541956
55 20 0.07166932382990845
55 21 -0.12076960688719604
55 22 -0.04167778643209063
55 23 0.019867580601832673
55 24 -0.013182178600298506
55 25 -0.03208608889152134
55 26 -0.02526910286236351
55 27 -0.041366430537708054
55 28 0.01371293013533673
55 29 0.154825626793649
55 30 0.04941019288984022
55 31 -0.03330228090193121
55 32 -0.057147718670092405
55 33 -0.09248758519159282
55 34 0.2572959284903985
55 35 0.04836193025598219
55 36 0.09915852654875093
55 37 -0.09764455588463157
55 38 -0.16289425341710356
55 39 -0.27481386831699905
55 40 0.05043220368980814
55 41 -0.2052803689913303
55 42 0.10238964510335868
55 43 -0.15747557336956006
55 44 -0.06781464938623964
55 45 -0.07281401946089683
55 46 -0.09579515891170305
55 47 0.06873311609815634
55 48 0.23683689134442415
55 49 0.25626495287963086
55 50 -0.0493663529476347
55 51 -0.15584888579146935
55 52 -0.005511385339107147
55 53 0.019112318324497436
55 54 0.009073998585910393
55 55 0.0019493682581725295
55 56 -0.005007402313301163
55 57 0.0003799560015083849
56 1 0.1679135381154738
56 2 0.03474627502400359
56 3 0.0172451219009181
56 4 -0.01340728470976746
56 5 -0.303613733113084
56 6 -0.45680646994835516
56 7 -0.1924412308267749
56 8 -0.1200568011825321
56 9 -0.144130524535475
56 10 0.00665077601932782
56 11 -0.14283661168736228
56 12 -0.008112240226968924
56 13 0.0032150875966852053
56 14 -0.05172875359096231
56 15 -0.18051073524500982
56 16 0.1231594053093446
56 17 -0.019611660473094785
56 18 0.08707732264831593
56 19 -0.05048286301561788
56 20 0.059152732244699566
56 21 -0.000826227374983273
56 22 -0.06099378978833075
56 23 0.005435586662495782
56 24 -0.011039297784797016
56 25 -0.07669774727860784
56 26 0.03183280372551981
56 27 -0.05253123971544775
56 28 -0.023673208910164438
56 29 -0.11677711153441327
56 30 -0.10860489197868463
56 31 0.076551974224251
56 32 0.036032807406463155
56 33 0.06492694922904355
56 34 -0.3249701727432463
56 35 -0.12470056044124854
56 36 -0.09095043851060812
56 37 0.08423257887880545
56 38 0.06967874233154546
56 39 0.2926652801013657
56 40 -0.048066055088796994
56 41 0.23721545204028438
56 42 -0.18373543007523913
56 43 0.2023032716615944
56 44 0.02343469765611131
56 45 -0.019390445595041175
56 46 -0.1141792618247914
56 47 0.05960183846508674
56 48 0.09107108651238287
56 49 0.14286819237955617
56 50 -0.03437097446544882
56 51 -0.22764394502853888
56 52 0.0015722530286830965
56 53 0.013968621205638396
56 54 0.002494968416280522
56 55 -0.025408919613832924
56 56 0.02845807169434389
56 57 -0.002557468950758094
57 1 0.1264748805593199
57 2 0.012560535177173496
57 3 0.09550562393332615
57 4 -0.07481741329912953
57 5 -0.0073194558152198975
57 6 -0.20309322883350808
57 7 -0.10441293592541685
57 8 -0.01074343785215873
57 9 -0.003792275308836403
57 10 0.1293145955431911
57 11 0.039048914536286033
57 12 0.04804622056892904
57 13 -0.06503680134374823
57 14 -0.16397863446707772
57 15 0.4735412915404902
57 16 -0.4022715661263672
57 17 0.15869885120110416
57 18 0.05528171820323227
57 19 0.1450961727584698
57 20 0.08133083662228827
57 21 0.06618672768518646
57 22 0.05519250125963533
57 23 -0.011790296914958524
57 24 0.11963043195620038
57 25 0.096278030681999
57 26 -0.0725854217324084
57 27 -0.0033848366935528575
57 28 0.012573379888152807
57 29 0.1396129257986327
57 30 0.03525955596197948
57 31 -0.053454969284042426
57 32 0.16525344509337064
57 33 0.048100395571158604
57 34 0.06383249680438634
57 35 0.11199238502076389
57 36 -0.022543041722340368
57 37 -0.1742114839477307
57 38 -0.38864846578069845
57 39 0.22619750466411231
57 40 0.012192331457736738
57 41 0.14602098747064352
57 42 -0.08588449098432856
57 43 0.18388286714441793
57 44 0.059816624402924845
57 45 -0.017637232545725145
57 46 0.08471449117642814
57 47 0.010508247903558292
57 48 -0.061531547688134534
57 49 -0.05239493147238449
57 50 0.02542501816545995
57 51 0.04663078168111567
57 52 -0.008796721678420475
57 53 -0.0027119583900707773
57 54 -0.01662021660019894
57 55 -0.00983302193231553
57 56 -0.0035018773214084507
57 57 -0.001587572412081226
58 1 0.03935907833539801
58 2 0.0035650961316566177
58 3 0.018487962329137898
58 4 -0.021452335489525725
58 5 -0.002875454638640949
58 6 -0.019847112935196917
58 7 0.008884442310706845
58 8 0.020941185416784056
58 9 0.048725344612409384
58 10 -0.0010572044304975195
58 11 0.04731779918032131
58 12 -0.009105600258006294
58 13 -0.10408351648967752
58 14 0.023295262481863935
58 15 0.030992359801668753
58 16 -0.15199291056651065
58 17 -0.37478530247033054
58 18 -0.18700816732761566
58 19 0.07820489605006217
58 20 0.2107791182909713
58 21 -0.025785018319497272
58 22 -0.11169965177617798
58 23 -0.005718595090967159
58 24 0.21736109905154535
58 25 0.018657715939523502
58 26 0.43996753236287245
58 27 -0.497967805351325
58 28 -0.2694572727542934
58 29 -0.19053689690999906
58 30 0.2550510402998201
58 31 0.0684112387708629
58 32 0.11175938678497208
58 33 0.11757149555736876
58 34 0.09432903231717339
58 35 -0.07391061116613044
58 36 0.026939680694688457
58 37 0.07753770178606846
58 38 -0.0013521911236777382
58 39 -0.0026563620695413035
58 40 0.030188822654588682
58 41 -0.020157912716232913
58 42 0.011075942837730992
58 43 -0.012072181582755252
58 44 0.0035670214483189216
58 45 0.016598005515950358
58 46 0.00950561178640584
58 47 -0.004208297090893618
58 48 0.014505294377033146
58 49 -0.0005278703350410115
58 50 0.0018809020798806904
58 51 0.0004235784036783494
58 52 0.0024905616396939103
58 53 -0.0008831225278017868
58 54 -0.004165426007109583
58 55 -0.0021510584797264677
58 56 -0.00028953257344661594
58 57 0.00031421591263052563
